1.000000000000000000e+00 1.899999999999999996e-03 1.000000000000000000e+05 1.200000000000000000e+01 1.185100000000000042e+00 4.741999999999999688e-02
9.499999999999999556e-01 1.319999999999999993e-02 1.000000000000000000e+05 1.200000000000000000e+01 1.185100000000000042e+00 4.741999999999999688e-02
9.000000000000000222e-01 2.390000000000000110e-02 1.000000000000000000e+05 1.200000000000000000e+01 1.185100000000000042e+00 4.741999999999999688e-02
8.000000000000000444e-01 4.399999999999999745e-02 1.000000000000000000e+05 1.200000000000000000e+01 1.185100000000000042e+00 4.741999999999999688e-02
6.999999999999999556e-01 6.180000000000000077e-02 1.000000000000000000e+05 1.200000000000000000e+01 1.185100000000000042e+00 4.741999999999999688e-02
5.999999999999999778e-01 7.749999999999999944e-02 1.000000000000000000e+05 1.200000000000000000e+01 1.185100000000000042e+00 4.741999999999999688e-02
5.000000000000000000e-01 9.049999999999999711e-02 1.000000000000000000e+05 1.200000000000000000e+01 1.185100000000000042e+00 4.741999999999999688e-02
4.000000000000000222e-01 1.004000000000000031e-01 1.000000000000000000e+05 1.200000000000000000e+01 1.185100000000000042e+00 4.741999999999999688e-02
2.999999999999999889e-01 1.054999999999999966e-01 1.000000000000000000e+05 1.200000000000000000e+01 1.185100000000000042e+00 4.741999999999999688e-02
2.500000000000000000e-01 1.055999999999999994e-01 1.000000000000000000e+05 1.200000000000000000e+01 1.185100000000000042e+00 4.741999999999999688e-02
2.000000000000000111e-01 1.035999999999999976e-01 1.000000000000000000e+05 1.200000000000000000e+01 1.185100000000000042e+00 4.741999999999999688e-02
1.499999999999999944e-01 9.859999999999999321e-02 1.000000000000000000e+05 1.200000000000000000e+01 1.185100000000000042e+00 4.741999999999999688e-02
1.000000000000000056e-01 8.830000000000000349e-02 1.000000000000000000e+05 1.200000000000000000e+01 1.185100000000000042e+00 4.741999999999999688e-02
7.499999999999999722e-02 8.010000000000000453e-02 1.000000000000000000e+05 1.200000000000000000e+01 1.185100000000000042e+00 4.741999999999999688e-02
5.000000000000000278e-02 6.919999999999999762e-02 1.000000000000000000e+05 1.200000000000000000e+01 1.185100000000000042e+00 4.741999999999999688e-02
2.500000000000000139e-02 5.290000000000000258e-02 1.000000000000000000e+05 1.200000000000000000e+01 1.185100000000000042e+00 4.741999999999999688e-02
1.250000000000000069e-02 4.089999999999999886e-02 1.000000000000000000e+05 1.200000000000000000e+01 1.185100000000000042e+00 4.741999999999999688e-02
0.000000000000000000e+00 0.000000000000000000e+00 1.000000000000000000e+05 1.200000000000000000e+01 1.185100000000000042e+00 4.741999999999999688e-02
1.250000000000000069e-02 -1.830000000000000029e-02 1.000000000000000000e+05 1.200000000000000000e+01 1.185100000000000042e+00 4.741999999999999688e-02
2.500000000000000139e-02 -2.709999999999999909e-02 1.000000000000000000e+05 1.200000000000000000e+01 1.185100000000000042e+00 4.741999999999999688e-02
5.000000000000000278e-02 -3.799999999999999906e-02 1.000000000000000000e+05 1.200000000000000000e+01 1.185100000000000042e+00 4.741999999999999688e-02
7.499999999999999722e-02 -4.599999999999999922e-02 1.000000000000000000e+05 1.200000000000000000e+01 1.185100000000000042e+00 4.741999999999999688e-02
1.000000000000000056e-01 -5.220000000000000334e-02 1.000000000000000000e+05 1.200000000000000000e+01 1.185100000000000042e+00 4.741999999999999688e-02
1.499999999999999944e-01 -6.180000000000000077e-02 1.000000000000000000e+05 1.200000000000000000e+01 1.185100000000000042e+00 4.741999999999999688e-02
2.000000000000000111e-01 -6.859999999999999432e-02 1.000000000000000000e+05 1.200000000000000000e+01 1.185100000000000042e+00 4.741999999999999688e-02
2.500000000000000000e-01 -7.270000000000000073e-02 1.000000000000000000e+05 1.200000000000000000e+01 1.185100000000000042e+00 4.741999999999999688e-02
2.999999999999999889e-01 -7.470000000000000251e-02 1.000000000000000000e+05 1.200000000000000000e+01 1.185100000000000042e+00 4.741999999999999688e-02
4.000000000000000222e-01 -7.370000000000000162e-02 1.000000000000000000e+05 1.200000000000000000e+01 1.185100000000000042e+00 4.741999999999999688e-02
5.000000000000000000e-01 -6.809999999999999387e-02 1.000000000000000000e+05 1.200000000000000000e+01 1.185100000000000042e+00 4.741999999999999688e-02
5.999999999999999778e-01 -5.940000000000000141e-02 1.000000000000000000e+05 1.200000000000000000e+01 1.185100000000000042e+00 4.741999999999999688e-02
6.999999999999999556e-01 -4.819999999999999979e-02 1.000000000000000000e+05 1.200000000000000000e+01 1.185100000000000042e+00 4.741999999999999688e-02
8.000000000000000444e-01 -3.479999999999999760e-02 1.000000000000000000e+05 1.200000000000000000e+01 1.185100000000000042e+00 4.741999999999999688e-02
9.000000000000000222e-01 -1.940000000000000058e-02 1.000000000000000000e+05 1.200000000000000000e+01 1.185100000000000042e+00 4.741999999999999688e-02
9.499999999999999556e-01 -1.089999999999999997e-02 1.000000000000000000e+05 1.200000000000000000e+01 1.185100000000000042e+00 4.741999999999999688e-02
1.000000000000000000e+00 -1.899999999999999996e-03 1.000000000000000000e+05 1.200000000000000000e+01 1.185100000000000042e+00 4.741999999999999688e-02
