1.000000000000000000e+00 1.599999959580600262e-03 5.000000000000000000e+05 1.150000000000000000e+01 1.299329161643981934e+00 1.993974111974239349e-02
9.499999880790710449e-01 1.119999960064888000e-02 5.000000000000000000e+05 1.150000000000000000e+01 1.299329161643981934e+00 1.993974111974239349e-02
8.999999761581420898e-01 2.040000073611736298e-02 5.000000000000000000e+05 1.150000000000000000e+01 1.299329161643981934e+00 1.993974111974239349e-02
8.000000119209289551e-01 3.730000182986259460e-02 5.000000000000000000e+05 1.150000000000000000e+01 1.299329161643981934e+00 1.993974111974239349e-02
6.999999880790710449e-01 5.249999836087226868e-02 5.000000000000000000e+05 1.150000000000000000e+01 1.299329161643981934e+00 1.993974111974239349e-02
6.000000238418579102e-01 6.610000133514404297e-02 5.000000000000000000e+05 1.150000000000000000e+01 1.299329161643981934e+00 1.993974111974239349e-02
5.000000000000000000e-01 7.739999890327453613e-02 5.000000000000000000e+05 1.150000000000000000e+01 1.299329161643981934e+00 1.993974111974239349e-02
4.000000059604644775e-01 8.590000122785568237e-02 5.000000000000000000e+05 1.150000000000000000e+01 1.299329161643981934e+00 1.993974111974239349e-02
3.000000119209289551e-01 9.049999713897705078e-02 5.000000000000000000e+05 1.150000000000000000e+01 1.299329161643981934e+00 1.993974111974239349e-02
2.500000000000000000e-01 9.080000221729278564e-02 5.000000000000000000e+05 1.150000000000000000e+01 1.299329161643981934e+00 1.993974111974239349e-02
2.000000029802322388e-01 8.919999748468399048e-02 5.000000000000000000e+05 1.150000000000000000e+01 1.299329161643981934e+00 1.993974111974239349e-02
1.500000059604644775e-01 8.519999682903289795e-02 5.000000000000000000e+05 1.150000000000000000e+01 1.299329161643981934e+00 1.993974111974239349e-02
1.000000014901161194e-01 7.639999687671661377e-02 5.000000000000000000e+05 1.150000000000000000e+01 1.299329161643981934e+00 1.993974111974239349e-02
7.500000298023223877e-02 6.899999827146530151e-02 5.000000000000000000e+05 1.150000000000000000e+01 1.299329161643981934e+00 1.993974111974239349e-02
5.000000074505805969e-02 5.889999866485595703e-02 5.000000000000000000e+05 1.150000000000000000e+01 1.299329161643981934e+00 1.993974111974239349e-02
2.500000037252902985e-02 4.439999908208847046e-02 5.000000000000000000e+05 1.150000000000000000e+01 1.299329161643981934e+00 1.993974111974239349e-02
1.250000018626451492e-02 3.339999914169311523e-02 5.000000000000000000e+05 1.150000000000000000e+01 1.299329161643981934e+00 1.993974111974239349e-02
0.000000000000000000e+00 0.000000000000000000e+00 5.000000000000000000e+05 1.150000000000000000e+01 1.299329161643981934e+00 1.993974111974239349e-02
1.250000018626451492e-02 -1.539999991655349731e-02 5.000000000000000000e+05 1.150000000000000000e+01 1.299329161643981934e+00 1.993974111974239349e-02
2.500000037252902985e-02 -2.250000089406967163e-02 5.000000000000000000e+05 1.150000000000000000e+01 1.299329161643981934e+00 1.993974111974239349e-02
5.000000074505805969e-02 -3.040000051259994507e-02 5.000000000000000000e+05 1.150000000000000000e+01 1.299329161643981934e+00 1.993974111974239349e-02
7.500000298023223877e-02 -3.610000014305114746e-02 5.000000000000000000e+05 1.150000000000000000e+01 1.299329161643981934e+00 1.993974111974239349e-02
1.000000014901161194e-01 -4.089999943971633911e-02 5.000000000000000000e+05 1.150000000000000000e+01 1.299329161643981934e+00 1.993974111974239349e-02
1.500000059604644775e-01 -4.839999973773956299e-02 5.000000000000000000e+05 1.150000000000000000e+01 1.299329161643981934e+00 1.993974111974239349e-02
2.000000029802322388e-01 -5.409999936819076538e-02 5.000000000000000000e+05 1.150000000000000000e+01 1.299329161643981934e+00 1.993974111974239349e-02
2.500000000000000000e-01 -5.779999867081642151e-02 5.000000000000000000e+05 1.150000000000000000e+01 1.299329161643981934e+00 1.993974111974239349e-02
3.000000119209289551e-01 -5.959999933838844299e-02 5.000000000000000000e+05 1.150000000000000000e+01 1.299329161643981934e+00 1.993974111974239349e-02
4.000000059604644775e-01 -5.920000001788139343e-02 5.000000000000000000e+05 1.150000000000000000e+01 1.299329161643981934e+00 1.993974111974239349e-02
5.000000000000000000e-01 -5.499999970197677612e-02 5.000000000000000000e+05 1.150000000000000000e+01 1.299329161643981934e+00 1.993974111974239349e-02
6.000000238418579102e-01 -4.809999838471412659e-02 5.000000000000000000e+05 1.150000000000000000e+01 1.299329161643981934e+00 1.993974111974239349e-02
6.999999880790710449e-01 -3.909999877214431763e-02 5.000000000000000000e+05 1.150000000000000000e+01 1.299329161643981934e+00 1.993974111974239349e-02
8.000000119209289551e-01 -2.830000035464763641e-02 5.000000000000000000e+05 1.150000000000000000e+01 1.299329161643981934e+00 1.993974111974239349e-02
8.999999761581420898e-01 -1.590000092983245850e-02 5.000000000000000000e+05 1.150000000000000000e+01 1.299329161643981934e+00 1.993974111974239349e-02
9.499999880790710449e-01 -8.999999612569808960e-03 5.000000000000000000e+05 1.150000000000000000e+01 1.299329161643981934e+00 1.993974111974239349e-02
1.000000000000000000e+00 -1.599999959580600262e-03 5.000000000000000000e+05 1.150000000000000000e+01 1.299329161643981934e+00 1.993974111974239349e-02
0.000000000000000000e+00 0.000000000000000000e+00 5.000000000000000000e+05 1.150000000000000000e+01 1.299329161643981934e+00 1.993974111974239349e-02
0.000000000000000000e+00 0.000000000000000000e+00 5.000000000000000000e+05 1.150000000000000000e+01 1.299329161643981934e+00 1.993974111974239349e-02
0.000000000000000000e+00 0.000000000000000000e+00 5.000000000000000000e+05 1.150000000000000000e+01 1.299329161643981934e+00 1.993974111974239349e-02
0.000000000000000000e+00 0.000000000000000000e+00 5.000000000000000000e+05 1.150000000000000000e+01 1.299329161643981934e+00 1.993974111974239349e-02
0.000000000000000000e+00 0.000000000000000000e+00 5.000000000000000000e+05 1.150000000000000000e+01 1.299329161643981934e+00 1.993974111974239349e-02
0.000000000000000000e+00 0.000000000000000000e+00 5.000000000000000000e+05 1.150000000000000000e+01 1.299329161643981934e+00 1.993974111974239349e-02
0.000000000000000000e+00 0.000000000000000000e+00 5.000000000000000000e+05 1.150000000000000000e+01 1.299329161643981934e+00 1.993974111974239349e-02
0.000000000000000000e+00 0.000000000000000000e+00 5.000000000000000000e+05 1.150000000000000000e+01 1.299329161643981934e+00 1.993974111974239349e-02
0.000000000000000000e+00 0.000000000000000000e+00 5.000000000000000000e+05 1.150000000000000000e+01 1.299329161643981934e+00 1.993974111974239349e-02
0.000000000000000000e+00 0.000000000000000000e+00 5.000000000000000000e+05 1.150000000000000000e+01 1.299329161643981934e+00 1.993974111974239349e-02
0.000000000000000000e+00 0.000000000000000000e+00 5.000000000000000000e+05 1.150000000000000000e+01 1.299329161643981934e+00 1.993974111974239349e-02
0.000000000000000000e+00 0.000000000000000000e+00 5.000000000000000000e+05 1.150000000000000000e+01 1.299329161643981934e+00 1.993974111974239349e-02
0.000000000000000000e+00 0.000000000000000000e+00 5.000000000000000000e+05 1.150000000000000000e+01 1.299329161643981934e+00 1.993974111974239349e-02
0.000000000000000000e+00 0.000000000000000000e+00 5.000000000000000000e+05 1.150000000000000000e+01 1.299329161643981934e+00 1.993974111974239349e-02
0.000000000000000000e+00 0.000000000000000000e+00 5.000000000000000000e+05 1.150000000000000000e+01 1.299329161643981934e+00 1.993974111974239349e-02
0.000000000000000000e+00 0.000000000000000000e+00 5.000000000000000000e+05 1.150000000000000000e+01 1.299329161643981934e+00 1.993974111974239349e-02
0.000000000000000000e+00 0.000000000000000000e+00 5.000000000000000000e+05 1.150000000000000000e+01 1.299329161643981934e+00 1.993974111974239349e-02
0.000000000000000000e+00 0.000000000000000000e+00 5.000000000000000000e+05 1.150000000000000000e+01 1.299329161643981934e+00 1.993974111974239349e-02
0.000000000000000000e+00 0.000000000000000000e+00 5.000000000000000000e+05 1.150000000000000000e+01 1.299329161643981934e+00 1.993974111974239349e-02
0.000000000000000000e+00 0.000000000000000000e+00 5.000000000000000000e+05 1.150000000000000000e+01 1.299329161643981934e+00 1.993974111974239349e-02
0.000000000000000000e+00 0.000000000000000000e+00 5.000000000000000000e+05 1.150000000000000000e+01 1.299329161643981934e+00 1.993974111974239349e-02
0.000000000000000000e+00 0.000000000000000000e+00 5.000000000000000000e+05 1.150000000000000000e+01 1.299329161643981934e+00 1.993974111974239349e-02
0.000000000000000000e+00 0.000000000000000000e+00 5.000000000000000000e+05 1.150000000000000000e+01 1.299329161643981934e+00 1.993974111974239349e-02
0.000000000000000000e+00 0.000000000000000000e+00 5.000000000000000000e+05 1.150000000000000000e+01 1.299329161643981934e+00 1.993974111974239349e-02
0.000000000000000000e+00 0.000000000000000000e+00 5.000000000000000000e+05 1.150000000000000000e+01 1.299329161643981934e+00 1.993974111974239349e-02
0.000000000000000000e+00 0.000000000000000000e+00 5.000000000000000000e+05 1.150000000000000000e+01 1.299329161643981934e+00 1.993974111974239349e-02
0.000000000000000000e+00 0.000000000000000000e+00 5.000000000000000000e+05 1.150000000000000000e+01 1.299329161643981934e+00 1.993974111974239349e-02
0.000000000000000000e+00 0.000000000000000000e+00 5.000000000000000000e+05 1.150000000000000000e+01 1.299329161643981934e+00 1.993974111974239349e-02
0.000000000000000000e+00 0.000000000000000000e+00 5.000000000000000000e+05 1.150000000000000000e+01 1.299329161643981934e+00 1.993974111974239349e-02
0.000000000000000000e+00 0.000000000000000000e+00 5.000000000000000000e+05 1.150000000000000000e+01 1.299329161643981934e+00 1.993974111974239349e-02
0.000000000000000000e+00 0.000000000000000000e+00 5.000000000000000000e+05 1.150000000000000000e+01 1.299329161643981934e+00 1.993974111974239349e-02
0.000000000000000000e+00 0.000000000000000000e+00 5.000000000000000000e+05 1.150000000000000000e+01 1.299329161643981934e+00 1.993974111974239349e-02
0.000000000000000000e+00 0.000000000000000000e+00 5.000000000000000000e+05 1.150000000000000000e+01 1.299329161643981934e+00 1.993974111974239349e-02
0.000000000000000000e+00 0.000000000000000000e+00 5.000000000000000000e+05 1.150000000000000000e+01 1.299329161643981934e+00 1.993974111974239349e-02
