1.000000000000000000e+00 1.580000000000000024e-03 2.000000000000000000e+05 -1.000000000000000000e+00 -1.079999999999999988e-01 1.102999999999999987e-02
9.499999999999999556e-01 1.008000000000000042e-02 2.000000000000000000e+05 -1.000000000000000000e+00 -1.079999999999999988e-01 1.102999999999999987e-02
9.000000000000000222e-01 1.810000000000000150e-02 2.000000000000000000e+05 -1.000000000000000000e+00 -1.079999999999999988e-01 1.102999999999999987e-02
8.000000000000000444e-01 3.278999999999999970e-02 2.000000000000000000e+05 -1.000000000000000000e+00 -1.079999999999999988e-01 1.102999999999999987e-02
6.999999999999999556e-01 4.580000000000000043e-02 2.000000000000000000e+05 -1.000000000000000000e+00 -1.079999999999999988e-01 1.102999999999999987e-02
5.999999999999999778e-01 5.704000000000000042e-02 2.000000000000000000e+05 -1.000000000000000000e+00 -1.079999999999999988e-01 1.102999999999999987e-02
5.000000000000000000e-01 6.617000000000000659e-02 2.000000000000000000e+05 -1.000000000000000000e+00 -1.079999999999999988e-01 1.102999999999999987e-02
4.000000000000000222e-01 7.253999999999999337e-02 2.000000000000000000e+05 -1.000000000000000000e+00 -1.079999999999999988e-01 1.102999999999999987e-02
2.999999999999999889e-01 7.502000000000000335e-02 2.000000000000000000e+05 -1.000000000000000000e+00 -1.079999999999999988e-01 1.102999999999999987e-02
2.500000000000000000e-01 7.427000000000000268e-02 2.000000000000000000e+05 -1.000000000000000000e+00 -1.079999999999999988e-01 1.102999999999999987e-02
2.000000000000000111e-01 7.172000000000000597e-02 2.000000000000000000e+05 -1.000000000000000000e+00 -1.079999999999999988e-01 1.102999999999999987e-02
1.499999999999999944e-01 6.682000000000000439e-02 2.000000000000000000e+05 -1.000000000000000000e+00 -1.079999999999999988e-01 1.102999999999999987e-02
1.000000000000000056e-01 5.852999999999999869e-02 2.000000000000000000e+05 -1.000000000000000000e+00 -1.079999999999999988e-01 1.102999999999999987e-02
7.499999999999999722e-02 5.249999999999999806e-02 2.000000000000000000e+05 -1.000000000000000000e+00 -1.079999999999999988e-01 1.102999999999999987e-02
5.000000000000000278e-02 4.442999999999999727e-02 2.000000000000000000e+05 -1.000000000000000000e+00 -1.079999999999999988e-01 1.102999999999999987e-02
2.500000000000000139e-02 3.268000000000000071e-02 2.000000000000000000e+05 -1.000000000000000000e+00 -1.079999999999999988e-01 1.102999999999999987e-02
1.250000000000000069e-02 2.367000000000000007e-02 2.000000000000000000e+05 -1.000000000000000000e+00 -1.079999999999999988e-01 1.102999999999999987e-02
0.000000000000000000e+00 0.000000000000000000e+00 2.000000000000000000e+05 -1.000000000000000000e+00 -1.079999999999999988e-01 1.102999999999999987e-02
1.250000000000000069e-02 -2.367000000000000007e-02 2.000000000000000000e+05 -1.000000000000000000e+00 -1.079999999999999988e-01 1.102999999999999987e-02
2.500000000000000139e-02 -3.268000000000000071e-02 2.000000000000000000e+05 -1.000000000000000000e+00 -1.079999999999999988e-01 1.102999999999999987e-02
5.000000000000000278e-02 -4.442999999999999727e-02 2.000000000000000000e+05 -1.000000000000000000e+00 -1.079999999999999988e-01 1.102999999999999987e-02
7.499999999999999722e-02 -5.249999999999999806e-02 2.000000000000000000e+05 -1.000000000000000000e+00 -1.079999999999999988e-01 1.102999999999999987e-02
1.000000000000000056e-01 -5.852999999999999869e-02 2.000000000000000000e+05 -1.000000000000000000e+00 -1.079999999999999988e-01 1.102999999999999987e-02
1.499999999999999944e-01 -6.682000000000000439e-02 2.000000000000000000e+05 -1.000000000000000000e+00 -1.079999999999999988e-01 1.102999999999999987e-02
2.000000000000000111e-01 -7.172000000000000597e-02 2.000000000000000000e+05 -1.000000000000000000e+00 -1.079999999999999988e-01 1.102999999999999987e-02
2.500000000000000000e-01 -7.427000000000000268e-02 2.000000000000000000e+05 -1.000000000000000000e+00 -1.079999999999999988e-01 1.102999999999999987e-02
2.999999999999999889e-01 -7.502000000000000335e-02 2.000000000000000000e+05 -1.000000000000000000e+00 -1.079999999999999988e-01 1.102999999999999987e-02
4.000000000000000222e-01 -7.253999999999999337e-02 2.000000000000000000e+05 -1.000000000000000000e+00 -1.079999999999999988e-01 1.102999999999999987e-02
5.000000000000000000e-01 -6.617000000000000659e-02 2.000000000000000000e+05 -1.000000000000000000e+00 -1.079999999999999988e-01 1.102999999999999987e-02
5.999999999999999778e-01 -5.704000000000000042e-02 2.000000000000000000e+05 -1.000000000000000000e+00 -1.079999999999999988e-01 1.102999999999999987e-02
6.999999999999999556e-01 -4.580000000000000043e-02 2.000000000000000000e+05 -1.000000000000000000e+00 -1.079999999999999988e-01 1.102999999999999987e-02
8.000000000000000444e-01 -3.278999999999999970e-02 2.000000000000000000e+05 -1.000000000000000000e+00 -1.079999999999999988e-01 1.102999999999999987e-02
9.000000000000000222e-01 -1.810000000000000150e-02 2.000000000000000000e+05 -1.000000000000000000e+00 -1.079999999999999988e-01 1.102999999999999987e-02
9.499999999999999556e-01 -1.008000000000000042e-02 2.000000000000000000e+05 -1.000000000000000000e+00 -1.079999999999999988e-01 1.102999999999999987e-02
1.000000000000000000e+00 -1.580000000000000024e-03 2.000000000000000000e+05 -1.000000000000000000e+00 -1.079999999999999988e-01 1.102999999999999987e-02
