1.000000000000000000e+00 1.470000017434358597e-03 2.000000000000000000e+05 3.750000000000000000e+00 7.289168238639831543e-01 1.184682734310626984e-02
9.973899722099304199e-01 2.099999925121665001e-03 2.000000000000000000e+05 3.750000000000000000e+00 7.289168238639831543e-01 1.184682734310626984e-02
9.892899990081787109e-01 3.959999885410070419e-03 2.000000000000000000e+05 3.750000000000000000e+00 7.289168238639831543e-01 1.184682734310626984e-02
9.758700132369995117e-01 7.000000216066837311e-03 2.000000000000000000e+05 3.750000000000000000e+00 7.289168238639831543e-01 1.184682734310626984e-02
9.572899937629699707e-01 1.111999992281198502e-02 2.000000000000000000e+05 3.750000000000000000e+00 7.289168238639831543e-01 1.184682734310626984e-02
9.337199926376342773e-01 1.620000042021274567e-02 2.000000000000000000e+05 3.750000000000000000e+00 7.289168238639831543e-01 1.184682734310626984e-02
9.054200053215026855e-01 2.206999994814395905e-02 2.000000000000000000e+05 3.750000000000000000e+00 7.289168238639831543e-01 1.184682734310626984e-02
8.726699948310852051e-01 2.857000008225440979e-02 2.000000000000000000e+05 3.750000000000000000e+00 7.289168238639831543e-01 1.184682734310626984e-02
8.358200192451477051e-01 3.551999852061271667e-02 2.000000000000000000e+05 3.750000000000000000e+00 7.289168238639831543e-01 1.184682734310626984e-02
7.952700257301330566e-01 4.273999854922294617e-02 2.000000000000000000e+05 3.750000000000000000e+00 7.289168238639831543e-01 1.184682734310626984e-02
7.514299750328063965e-01 5.003999918699264526e-02 2.000000000000000000e+05 3.750000000000000000e+00 7.289168238639831543e-01 1.184682734310626984e-02
7.048000097274780273e-01 5.722999945282936096e-02 2.000000000000000000e+05 3.750000000000000000e+00 7.289168238639831543e-01 1.184682734310626984e-02
6.558600068092346191e-01 6.412000209093093872e-02 2.000000000000000000e+05 3.750000000000000000e+00 7.289168238639831543e-01 1.184682734310626984e-02
6.051499843597412109e-01 7.052999734878540039e-02 2.000000000000000000e+05 3.750000000000000000e+00 7.289168238639831543e-01 1.184682734310626984e-02
5.532400012016296387e-01 7.628999650478363037e-02 2.000000000000000000e+05 3.750000000000000000e+00 7.289168238639831543e-01 1.184682734310626984e-02
5.006899833679199219e-01 8.120000362396240234e-02 2.000000000000000000e+05 3.750000000000000000e+00 7.289168238639831543e-01 1.184682734310626984e-02
4.480800032615661621e-01 8.511999994516372681e-02 2.000000000000000000e+05 3.750000000000000000e+00 7.289168238639831543e-01 1.184682734310626984e-02
3.959800004959106445e-01 8.787000179290771484e-02 2.000000000000000000e+05 3.750000000000000000e+00 7.289168238639831543e-01 1.184682734310626984e-02
3.445399999618530273e-01 8.912999927997589111e-02 2.000000000000000000e+05 3.750000000000000000e+00 7.289168238639831543e-01 1.184682734310626984e-02
2.948200106620788574e-01 8.866000175476074219e-02 2.000000000000000000e+05 3.750000000000000000e+00 7.289168238639831543e-01 1.184682734310626984e-02
2.474000006914138794e-01 8.645000308752059937e-02 2.000000000000000000e+05 3.750000000000000000e+00 7.289168238639831543e-01 1.184682734310626984e-02
2.028499990701675415e-01 8.254999667406082153e-02 2.000000000000000000e+05 3.750000000000000000e+00 7.289168238639831543e-01 1.184682734310626984e-02
1.616899967193603516e-01 7.706999778747558594e-02 2.000000000000000000e+05 3.750000000000000000e+00 7.289168238639831543e-01 1.184682734310626984e-02
1.243999972939491272e-01 7.013999670743942261e-02 2.000000000000000000e+05 3.750000000000000000e+00 7.289168238639831543e-01 1.184682734310626984e-02
9.141000360250473022e-02 6.198000162839889526e-02 2.000000000000000000e+05 3.750000000000000000e+00 7.289168238639831543e-01 1.184682734310626984e-02
6.310000270605087280e-02 5.280999839305877686e-02 2.000000000000000000e+05 3.750000000000000000e+00 7.289168238639831543e-01 1.184682734310626984e-02
3.976999968290328979e-02 4.289000108838081360e-02 2.000000000000000000e+05 3.750000000000000000e+00 7.289168238639831543e-01 1.184682734310626984e-02
2.164999954402446747e-02 3.245000168681144714e-02 2.000000000000000000e+05 3.750000000000000000e+00 7.289168238639831543e-01 1.184682734310626984e-02
8.919999934732913971e-03 2.170999906957149506e-02 2.000000000000000000e+05 3.750000000000000000e+00 7.289168238639831543e-01 1.184682734310626984e-02
1.689999946393072605e-03 1.085000019520521164e-02 2.000000000000000000e+05 3.750000000000000000e+00 7.289168238639831543e-01 1.184682734310626984e-02
0.000000000000000000e+00 0.000000000000000000e+00 2.000000000000000000e+05 3.750000000000000000e+00 7.289168238639831543e-01 1.184682734310626984e-02
3.789999987930059433e-03 -1.030999980866909027e-02 2.000000000000000000e+05 3.750000000000000000e+00 7.289168238639831543e-01 1.184682734310626984e-02
1.293000020086765289e-02 -1.955999992787837982e-02 2.000000000000000000e+05 3.750000000000000000e+00 7.289168238639831543e-01 1.184682734310626984e-02
2.730000019073486328e-02 -2.769999951124191284e-02 2.000000000000000000e+05 3.750000000000000000e+00 7.289168238639831543e-01 1.184682734310626984e-02
4.668999835848808289e-02 -3.471000120043754578e-02 2.000000000000000000e+05 3.750000000000000000e+00 7.289168238639831543e-01 1.184682734310626984e-02
7.086999714374542236e-02 -4.053999856114387512e-02 2.000000000000000000e+05 3.750000000000000000e+00 7.289168238639831543e-01 1.184682734310626984e-02
9.956999868154525757e-02 -4.515999928116798401e-02 2.000000000000000000e+05 3.750000000000000000e+00 7.289168238639831543e-01 1.184682734310626984e-02
1.324599981307983398e-01 -4.857999831438064575e-02 2.000000000000000000e+05 3.750000000000000000e+00 7.289168238639831543e-01 1.184682734310626984e-02
1.691800057888031006e-01 -5.082000046968460083e-02 2.000000000000000000e+05 3.750000000000000000e+00 7.289168238639831543e-01 1.184682734310626984e-02
2.093700021505355835e-01 -5.195000022649765015e-02 2.000000000000000000e+05 3.750000000000000000e+00 7.289168238639831543e-01 1.184682734310626984e-02
2.526000142097473145e-01 -5.208000168204307556e-02 2.000000000000000000e+05 3.750000000000000000e+00 7.289168238639831543e-01 1.184682734310626984e-02
2.984400093555450439e-01 -5.133000016212463379e-02 2.000000000000000000e+05 3.750000000000000000e+00 7.289168238639831543e-01 1.184682734310626984e-02
3.464399874210357666e-01 -4.986999928951263428e-02 2.000000000000000000e+05 3.750000000000000000e+00 7.289168238639831543e-01 1.184682734310626984e-02
3.961099982261657715e-01 -4.786999896168708801e-02 2.000000000000000000e+05 3.750000000000000000e+00 7.289168238639831543e-01 1.184682734310626984e-02
4.473899900913238525e-01 -4.537000134587287903e-02 2.000000000000000000e+05 3.750000000000000000e+00 7.289168238639831543e-01 1.184682734310626984e-02
4.993099868297576904e-01 -4.231999814510345459e-02 2.000000000000000000e+05 3.750000000000000000e+00 7.289168238639831543e-01 1.184682734310626984e-02
5.512899756431579590e-01 -3.886000066995620728e-02 2.000000000000000000e+05 3.750000000000000000e+00 7.289168238639831543e-01 1.184682734310626984e-02
6.027600169181823730e-01 -3.516000136733055115e-02 2.000000000000000000e+05 3.750000000000000000e+00 7.289168238639831543e-01 1.184682734310626984e-02
6.531599760055541992e-01 -3.131999820470809937e-02 2.000000000000000000e+05 3.750000000000000000e+00 7.289168238639831543e-01 1.184682734310626984e-02
7.019400000572204590e-01 -2.745000086724758148e-02 2.000000000000000000e+05 3.750000000000000000e+00 7.289168238639831543e-01 1.184682734310626984e-02
7.485700249671936035e-01 -2.364999987185001373e-02 2.000000000000000000e+05 3.750000000000000000e+00 7.289168238639831543e-01 1.184682734310626984e-02
7.925199866294860840e-01 -1.998000033199787140e-02 2.000000000000000000e+05 3.750000000000000000e+00 7.289168238639831543e-01 1.184682734310626984e-02
8.333100080490112305e-01 -1.649999991059303284e-02 2.000000000000000000e+05 3.750000000000000000e+00 7.289168238639831543e-01 1.184682734310626984e-02
8.704800009727478027e-01 -1.327999960631132126e-02 2.000000000000000000e+05 3.750000000000000000e+00 7.289168238639831543e-01 1.184682734310626984e-02
9.035999774932861328e-01 -1.035000011324882507e-02 2.000000000000000000e+05 3.750000000000000000e+00 7.289168238639831543e-01 1.184682734310626984e-02
9.322999715805053711e-01 -7.759999949485063553e-03 2.000000000000000000e+05 3.750000000000000000e+00 7.289168238639831543e-01 1.184682734310626984e-02
9.562600255012512207e-01 -5.570000037550926208e-03 2.000000000000000000e+05 3.750000000000000000e+00 7.289168238639831543e-01 1.184682734310626984e-02
9.751799702644348145e-01 -3.809999907389283180e-03 2.000000000000000000e+05 3.750000000000000000e+00 7.289168238639831543e-01 1.184682734310626984e-02
9.888600111007690430e-01 -2.520000096410512924e-03 2.000000000000000000e+05 3.750000000000000000e+00 7.289168238639831543e-01 1.184682734310626984e-02
9.971299767494201660e-01 -1.730000018142163754e-03 2.000000000000000000e+05 3.750000000000000000e+00 7.289168238639831543e-01 1.184682734310626984e-02
1.000000000000000000e+00 -1.470000017434358597e-03 2.000000000000000000e+05 3.750000000000000000e+00 7.289168238639831543e-01 1.184682734310626984e-02
0.000000000000000000e+00 0.000000000000000000e+00 2.000000000000000000e+05 3.750000000000000000e+00 7.289168238639831543e-01 1.184682734310626984e-02
0.000000000000000000e+00 0.000000000000000000e+00 2.000000000000000000e+05 3.750000000000000000e+00 7.289168238639831543e-01 1.184682734310626984e-02
0.000000000000000000e+00 0.000000000000000000e+00 2.000000000000000000e+05 3.750000000000000000e+00 7.289168238639831543e-01 1.184682734310626984e-02
0.000000000000000000e+00 0.000000000000000000e+00 2.000000000000000000e+05 3.750000000000000000e+00 7.289168238639831543e-01 1.184682734310626984e-02
0.000000000000000000e+00 0.000000000000000000e+00 2.000000000000000000e+05 3.750000000000000000e+00 7.289168238639831543e-01 1.184682734310626984e-02
0.000000000000000000e+00 0.000000000000000000e+00 2.000000000000000000e+05 3.750000000000000000e+00 7.289168238639831543e-01 1.184682734310626984e-02
0.000000000000000000e+00 0.000000000000000000e+00 2.000000000000000000e+05 3.750000000000000000e+00 7.289168238639831543e-01 1.184682734310626984e-02
0.000000000000000000e+00 0.000000000000000000e+00 2.000000000000000000e+05 3.750000000000000000e+00 7.289168238639831543e-01 1.184682734310626984e-02
