1.000000000000000000e+00 0.000000000000000000e+00 2.000000000000000000e+05 -6.250000000000000000e+00 -5.882323533296585083e-02 7.490107417106628418e-02
9.973199963569641113e-01 8.399999933317303658e-04 2.000000000000000000e+05 -6.250000000000000000e+00 -5.882323533296585083e-02 7.490107417106628418e-02
9.893000125885009766e-01 3.329999977722764015e-03 2.000000000000000000e+05 -6.250000000000000000e+00 -5.882323533296585083e-02 7.490107417106628418e-02
9.760299921035766602e-01 7.369999773800373077e-03 2.000000000000000000e+05 -6.250000000000000000e+00 -5.882323533296585083e-02 7.490107417106628418e-02
9.575999975204467773e-01 1.283999998122453690e-02 2.000000000000000000e+05 -6.250000000000000000e+00 -5.882323533296585083e-02 7.490107417106628418e-02
9.342300295829772949e-01 1.954000070691108704e-02 2.000000000000000000e+05 -6.250000000000000000e+00 -5.882323533296585083e-02 7.490107417106628418e-02
9.061499834060668945e-01 2.724000066518783569e-02 2.000000000000000000e+05 -6.250000000000000000e+00 -5.882323533296585083e-02 7.490107417106628418e-02
8.735700249671936035e-01 3.570999950170516968e-02 2.000000000000000000e+05 -6.250000000000000000e+00 -5.882323533296585083e-02 7.490107417106628418e-02
8.368999958038330078e-01 4.464000090956687927e-02 2.000000000000000000e+05 -6.250000000000000000e+00 -5.882323533296585083e-02 7.490107417106628418e-02
7.964699864387512207e-01 5.378000065684318542e-02 2.000000000000000000e+05 -6.250000000000000000e+00 -5.882323533296585083e-02 7.490107417106628418e-02
7.527199983596801758e-01 6.283000111579895020e-02 2.000000000000000000e+05 -6.250000000000000000e+00 -5.882323533296585083e-02 7.490107417106628418e-02
7.060800194740295410e-01 7.152999937534332275e-02 2.000000000000000000e+05 -6.250000000000000000e+00 -5.882323533296585083e-02 7.490107417106628418e-02
6.571000218391418457e-01 7.960999757051467896e-02 2.000000000000000000e+05 -6.250000000000000000e+00 -5.882323533296585083e-02 7.490107417106628418e-02
6.062700152397155762e-01 8.683999627828598022e-02 2.000000000000000000e+05 -6.250000000000000000e+00 -5.882323533296585083e-02 7.490107417106628418e-02
5.541300177574157715e-01 9.301999956369400024e-02 2.000000000000000000e+05 -6.250000000000000000e+00 -5.882323533296585083e-02 7.490107417106628418e-02
5.013200044631958008e-01 9.796000272035598755e-02 2.000000000000000000e+05 -6.250000000000000000e+00 -5.882323533296585083e-02 7.490107417106628418e-02
4.483999907970428467e-01 1.015200018882751465e-01 2.000000000000000000e+05 -6.250000000000000000e+00 -5.882323533296585083e-02 7.490107417106628418e-02
3.959000110626220703e-01 1.036000028252601624e-01 2.000000000000000000e+05 -6.250000000000000000e+00 -5.882323533296585083e-02 7.490107417106628418e-02
3.436700105667114258e-01 1.035199984908103943e-01 2.000000000000000000e+05 -6.250000000000000000e+00 -5.882323533296585083e-02 7.490107417106628418e-02
2.931500077247619629e-01 1.008599996566772461e-01 2.000000000000000000e+05 -6.250000000000000000e+00 -5.882323533296585083e-02 7.490107417106628418e-02
2.450200021266937256e-01 9.583999961614608765e-02 2.000000000000000000e+05 -6.250000000000000000e+00 -5.882323533296585083e-02 7.490107417106628418e-02
1.998800039291381836e-01 8.873999863862991333e-02 2.000000000000000000e+05 -6.250000000000000000e+00 -5.882323533296585083e-02 7.490107417106628418e-02
1.582999974489212036e-01 7.992000132799148560e-02 2.000000000000000000e+05 -6.250000000000000000e+00 -5.882323533296585083e-02 7.490107417106628418e-02
1.208000034093856812e-01 6.982000172138214111e-02 2.000000000000000000e+05 -6.250000000000000000e+00 -5.882323533296585083e-02 7.490107417106628418e-02
8.780000358819961548e-02 5.888999998569488525e-02 2.000000000000000000e+05 -6.250000000000000000e+00 -5.882323533296585083e-02 7.490107417106628418e-02
5.967999994754791260e-02 4.761999845504760742e-02 2.000000000000000000e+05 -6.250000000000000000e+00 -5.882323533296585083e-02 7.490107417106628418e-02
3.677000105381011963e-02 3.646000102162361145e-02 2.000000000000000000e+05 -6.250000000000000000e+00 -5.882323533296585083e-02 7.490107417106628418e-02
1.920000091195106506e-02 2.580999955534934998e-02 2.000000000000000000e+05 -6.250000000000000000e+00 -5.882323533296585083e-02 7.490107417106628418e-02
7.199999876320362091e-03 1.603000052273273468e-02 2.000000000000000000e+05 -6.250000000000000000e+00 -5.882323533296585083e-02 7.490107417106628418e-02
7.999999797903001308e-04 7.369999773800373077e-03 2.000000000000000000e+05 -6.250000000000000000e+00 -5.882323533296585083e-02 7.490107417106628418e-02
0.000000000000000000e+00 0.000000000000000000e+00 2.000000000000000000e+05 -6.250000000000000000e+00 -5.882323533296585083e-02 7.490107417106628418e-02
4.670000169426202774e-03 -5.729999858886003494e-03 2.000000000000000000e+05 -6.250000000000000000e+00 -5.882323533296585083e-02 7.490107417106628418e-02
1.467000041157007217e-02 -9.560000151395797729e-03 2.000000000000000000e+05 -6.250000000000000000e+00 -5.882323533296585083e-02 7.490107417106628418e-02
2.972999960184097290e-02 -1.157000008970499039e-02 2.000000000000000000e+05 -6.250000000000000000e+00 -5.882323533296585083e-02 7.490107417106628418e-02
4.969999939203262329e-02 -1.192000042647123337e-02 2.000000000000000000e+05 -6.250000000000000000e+00 -5.882323533296585083e-02 7.490107417106628418e-02
7.428000122308731079e-02 -1.080000028014183044e-02 2.000000000000000000e+05 -6.250000000000000000e+00 -5.882323533296585083e-02 7.490107417106628418e-02
1.031700000166893005e-01 -8.440000005066394806e-03 2.000000000000000000e+05 -6.250000000000000000e+00 -5.882323533296585083e-02 7.490107417106628418e-02
1.360699981451034546e-01 -5.129999946802854538e-03 2.000000000000000000e+05 -6.250000000000000000e+00 -5.882323533296585083e-02 7.490107417106628418e-02
1.725700050592422485e-01 -1.189999980852007866e-03 2.000000000000000000e+05 -6.250000000000000000e+00 -5.882323533296585083e-02 7.490107417106628418e-02
2.123499959707260132e-01 3.070000093430280685e-03 2.000000000000000000e+05 -6.250000000000000000e+00 -5.882323533296585083e-02 7.490107417106628418e-02
2.549799978733062744e-01 7.290000095963478088e-03 2.000000000000000000e+05 -6.250000000000000000e+00 -5.882323533296585083e-02 7.490107417106628418e-02
3.001199960708618164e-01 1.111999992281198502e-02 2.000000000000000000e+05 -6.250000000000000000e+00 -5.882323533296585083e-02 7.490107417106628418e-02
3.472999930381774902e-01 1.425000000745058060e-02 2.000000000000000000e+05 -6.250000000000000000e+00 -5.882323533296585083e-02 7.490107417106628418e-02
3.961800038814544678e-01 1.638999953866004944e-02 2.000000000000000000e+05 -6.250000000000000000e+00 -5.882323533296585083e-02 7.490107417106628418e-02
4.470700025558471680e-01 1.772000081837177277e-02 2.000000000000000000e+05 -6.250000000000000000e+00 -5.882323533296585083e-02 7.490107417106628418e-02
4.986799955368041992e-01 1.871000044047832489e-02 2.000000000000000000e+05 -6.250000000000000000e+00 -5.882323533296585083e-02 7.490107417106628418e-02
5.504000186920166016e-01 1.924999989569187164e-02 2.000000000000000000e+05 -6.250000000000000000e+00 -5.882323533296585083e-02 7.490107417106628418e-02
6.016700267791748047e-01 1.929000020027160645e-02 2.000000000000000000e+05 -6.250000000000000000e+00 -5.882323533296585083e-02 7.490107417106628418e-02
6.519299745559692383e-01 1.879999972879886627e-02 2.000000000000000000e+05 -6.250000000000000000e+00 -5.882323533296585083e-02 7.490107417106628418e-02
7.006499767303466797e-01 1.779999956488609314e-02 2.000000000000000000e+05 -6.250000000000000000e+00 -5.882323533296585083e-02 7.490107417106628418e-02
7.472800016403198242e-01 1.634000055491924286e-02 2.000000000000000000e+05 -6.250000000000000000e+00 -5.882323533296585083e-02 7.490107417106628418e-02
7.912999987602233887e-01 1.451000012457370758e-02 2.000000000000000000e+05 -6.250000000000000000e+00 -5.882323533296585083e-02 7.490107417106628418e-02
8.322299718856811523e-01 1.240999996662139893e-02 2.000000000000000000e+05 -6.250000000000000000e+00 -5.882323533296585083e-02 7.490107417106628418e-02
8.695700168609619141e-01 1.016999967396259308e-02 2.000000000000000000e+05 -6.250000000000000000e+00 -5.882323533296585083e-02 7.490107417106628418e-02
9.028800129890441895e-01 7.910000160336494446e-03 2.000000000000000000e+05 -6.250000000000000000e+00 -5.882323533296585083e-02 7.490107417106628418e-02
9.318000078201293945e-01 5.760000087320804596e-03 2.000000000000000000e+05 -6.250000000000000000e+00 -5.882323533296585083e-02 7.490107417106628418e-02
9.559299945831298828e-01 3.830000059679150581e-03 2.000000000000000000e+05 -6.250000000000000000e+00 -5.882323533296585083e-02 7.490107417106628418e-02
9.750300049781799316e-01 2.210000064224004745e-03 2.000000000000000000e+05 -6.250000000000000000e+00 -5.882323533296585083e-02 7.490107417106628418e-02
9.888299703598022461e-01 1.010000007227063179e-03 2.000000000000000000e+05 -6.250000000000000000e+00 -5.882323533296585083e-02 7.490107417106628418e-02
9.972199797630310059e-01 2.500000118743628263e-04 2.000000000000000000e+05 -6.250000000000000000e+00 -5.882323533296585083e-02 7.490107417106628418e-02
1.000000000000000000e+00 0.000000000000000000e+00 2.000000000000000000e+05 -6.250000000000000000e+00 -5.882323533296585083e-02 7.490107417106628418e-02
0.000000000000000000e+00 0.000000000000000000e+00 2.000000000000000000e+05 -6.250000000000000000e+00 -5.882323533296585083e-02 7.490107417106628418e-02
0.000000000000000000e+00 0.000000000000000000e+00 2.000000000000000000e+05 -6.250000000000000000e+00 -5.882323533296585083e-02 7.490107417106628418e-02
0.000000000000000000e+00 0.000000000000000000e+00 2.000000000000000000e+05 -6.250000000000000000e+00 -5.882323533296585083e-02 7.490107417106628418e-02
0.000000000000000000e+00 0.000000000000000000e+00 2.000000000000000000e+05 -6.250000000000000000e+00 -5.882323533296585083e-02 7.490107417106628418e-02
0.000000000000000000e+00 0.000000000000000000e+00 2.000000000000000000e+05 -6.250000000000000000e+00 -5.882323533296585083e-02 7.490107417106628418e-02
0.000000000000000000e+00 0.000000000000000000e+00 2.000000000000000000e+05 -6.250000000000000000e+00 -5.882323533296585083e-02 7.490107417106628418e-02
0.000000000000000000e+00 0.000000000000000000e+00 2.000000000000000000e+05 -6.250000000000000000e+00 -5.882323533296585083e-02 7.490107417106628418e-02
0.000000000000000000e+00 0.000000000000000000e+00 2.000000000000000000e+05 -6.250000000000000000e+00 -5.882323533296585083e-02 7.490107417106628418e-02
