1.000000000000000000e+00 0.000000000000000000e+00 1.000000000000000000e+06 -1.250000000000000000e+01 -8.811828494071960449e-01 2.880120649933815002e-02
9.989299774169921875e-01 3.900000010617077351e-04 1.000000000000000000e+06 -1.250000000000000000e+01 -8.811828494071960449e-01 2.880120649933815002e-02
9.957200288772583008e-01 1.560000004246830940e-03 1.000000000000000000e+06 -1.250000000000000000e+01 -8.811828494071960449e-01 2.880120649933815002e-02
9.903900027275085449e-01 3.490000031888484955e-03 1.000000000000000000e+06 -1.250000000000000000e+01 -8.811828494071960449e-01 2.880120649933815002e-02
9.829599857330322266e-01 6.099999882280826569e-03 1.000000000000000000e+06 -1.250000000000000000e+01 -8.811828494071960449e-01 2.880120649933815002e-02
9.734699726104736328e-01 9.320000186562538147e-03 1.000000000000000000e+06 -1.250000000000000000e+01 -8.811828494071960449e-01 2.880120649933815002e-02
9.619399905204772949e-01 1.303000003099441528e-02 1.000000000000000000e+06 -1.250000000000000000e+01 -8.811828494071960449e-01 2.880120649933815002e-02
9.484400153160095215e-01 1.716000027954578400e-02 1.000000000000000000e+06 -1.250000000000000000e+01 -8.811828494071960449e-01 2.880120649933815002e-02
9.330099821090698242e-01 2.166000008583068848e-02 1.000000000000000000e+06 -1.250000000000000000e+01 -8.811828494071960449e-01 2.880120649933815002e-02
9.157299995422363281e-01 2.652000077068805695e-02 1.000000000000000000e+06 -1.250000000000000000e+01 -8.811828494071960449e-01 2.880120649933815002e-02
8.966799974441528320e-01 3.170999884605407715e-02 1.000000000000000000e+06 -1.250000000000000000e+01 -8.811828494071960449e-01 2.880120649933815002e-02
8.759199976921081543e-01 3.717000037431716919e-02 1.000000000000000000e+06 -1.250000000000000000e+01 -8.811828494071960449e-01 2.880120649933815002e-02
8.535500168800354004e-01 4.283000156283378601e-02 1.000000000000000000e+06 -1.250000000000000000e+01 -8.811828494071960449e-01 2.880120649933815002e-02
8.296700119972229004e-01 4.862999916076660156e-02 1.000000000000000000e+06 -1.250000000000000000e+01 -8.811828494071960449e-01 2.880120649933815002e-02
8.043799996376037598e-01 5.452999845147132874e-02 1.000000000000000000e+06 -1.250000000000000000e+01 -8.811828494071960449e-01 2.880120649933815002e-02
7.777900099754333496e-01 6.047999858856201172e-02 1.000000000000000000e+06 -1.250000000000000000e+01 -8.811828494071960449e-01 2.880120649933815002e-02
7.500000000000000000e-01 6.641999632120132446e-02 1.000000000000000000e+06 -1.250000000000000000e+01 -8.811828494071960449e-01 2.880120649933815002e-02
7.211400270462036133e-01 7.226999849081039429e-02 1.000000000000000000e+06 -1.250000000000000000e+01 -8.811828494071960449e-01 2.880120649933815002e-02
6.913400292396545410e-01 7.795000076293945312e-02 1.000000000000000000e+06 -1.250000000000000000e+01 -8.811828494071960449e-01 2.880120649933815002e-02
6.607199907302856445e-01 8.341000229120254517e-02 1.000000000000000000e+06 -1.250000000000000000e+01 -8.811828494071960449e-01 2.880120649933815002e-02
6.294100284576416016e-01 8.857999742031097412e-02 1.000000000000000000e+06 -1.250000000000000000e+01 -8.811828494071960449e-01 2.880120649933815002e-02
5.975499749183654785e-01 9.341000020503997803e-02 1.000000000000000000e+06 -1.250000000000000000e+01 -8.811828494071960449e-01 2.880120649933815002e-02
5.652599930763244629e-01 9.785000234842300415e-02 1.000000000000000000e+06 -1.250000000000000000e+01 -8.811828494071960449e-01 2.880120649933815002e-02
5.327000021934509277e-01 1.018500030040740967e-01 1.000000000000000000e+06 -1.250000000000000000e+01 -8.811828494071960449e-01 2.880120649933815002e-02
5.000000000000000000e-01 1.053799986839294434e-01 1.000000000000000000e+06 -1.250000000000000000e+01 -8.811828494071960449e-01 2.880120649933815002e-02
4.672999978065490723e-01 1.083699986338615417e-01 1.000000000000000000e+06 -1.250000000000000000e+01 -8.811828494071960449e-01 2.880120649933815002e-02
4.347400069236755371e-01 1.107600033283233643e-01 1.000000000000000000e+06 -1.250000000000000000e+01 -8.811828494071960449e-01 2.880120649933815002e-02
4.024499952793121338e-01 1.124799996614456177e-01 1.000000000000000000e+06 -1.250000000000000000e+01 -8.811828494071960449e-01 2.880120649933815002e-02
3.705900013446807861e-01 1.134499981999397278e-01 1.000000000000000000e+06 -1.250000000000000000e+01 -8.811828494071960449e-01 2.880120649933815002e-02
3.392800092697143555e-01 1.136099994182586670e-01 1.000000000000000000e+06 -1.250000000000000000e+01 -8.811828494071960449e-01 2.880120649933815002e-02
3.086600005626678467e-01 1.129399985074996948e-01 1.000000000000000000e+06 -1.250000000000000000e+01 -8.811828494071960449e-01 2.880120649933815002e-02
2.788600027561187744e-01 1.114099994301795959e-01 1.000000000000000000e+06 -1.250000000000000000e+01 -8.811828494071960449e-01 2.880120649933815002e-02
2.500000000000000000e-01 1.090300008654594421e-01 1.000000000000000000e+06 -1.250000000000000000e+01 -8.811828494071960449e-01 2.880120649933815002e-02
2.222100049257278442e-01 1.058399975299835205e-01 1.000000000000000000e+06 -1.250000000000000000e+01 -8.811828494071960449e-01 2.880120649933815002e-02
1.956200003623962402e-01 1.018999963998794556e-01 1.000000000000000000e+06 -1.250000000000000000e+01 -8.811828494071960449e-01 2.880120649933815002e-02
1.703300029039382935e-01 9.725999832153320312e-02 1.000000000000000000e+06 -1.250000000000000000e+01 -8.811828494071960449e-01 2.880120649933815002e-02
1.464499980211257935e-01 9.194999933242797852e-02 1.000000000000000000e+06 -1.250000000000000000e+01 -8.811828494071960449e-01 2.880120649933815002e-02
1.240800023078918457e-01 8.607000112533569336e-02 1.000000000000000000e+06 -1.250000000000000000e+01 -8.811828494071960449e-01 2.880120649933815002e-02
1.033200025558471680e-01 7.970000058412551880e-02 1.000000000000000000e+06 -1.250000000000000000e+01 -8.811828494071960449e-01 2.880120649933815002e-02
8.427000045776367188e-02 7.282999902963638306e-02 1.000000000000000000e+06 -1.250000000000000000e+01 -8.811828494071960449e-01 2.880120649933815002e-02
6.699000298976898193e-02 6.541000306606292725e-02 1.000000000000000000e+06 -1.250000000000000000e+01 -8.811828494071960449e-01 2.880120649933815002e-02
5.155999958515167236e-02 5.753000080585479736e-02 1.000000000000000000e+06 -1.250000000000000000e+01 -8.811828494071960449e-01 2.880120649933815002e-02
3.805999830365180969e-02 4.936999827623367310e-02 1.000000000000000000e+06 -1.250000000000000000e+01 -8.811828494071960449e-01 2.880120649933815002e-02
2.652999944984912872e-02 4.117999970912933350e-02 1.000000000000000000e+06 -1.250000000000000000e+01 -8.811828494071960449e-01 2.880120649933815002e-02
1.703999936580657959e-02 3.302999958395957947e-02 1.000000000000000000e+06 -1.250000000000000000e+01 -8.811828494071960449e-01 2.880120649933815002e-02
9.610000066459178925e-03 2.489000000059604645e-02 1.000000000000000000e+06 -1.250000000000000000e+01 -8.811828494071960449e-01 2.880120649933815002e-02
4.279999993741512299e-03 1.654000021517276764e-02 1.000000000000000000e+06 -1.250000000000000000e+01 -8.811828494071960449e-01 2.880120649933815002e-02
1.069999998435378075e-03 8.249999955296516418e-03 1.000000000000000000e+06 -1.250000000000000000e+01 -8.811828494071960449e-01 2.880120649933815002e-02
0.000000000000000000e+00 7.500000065192580223e-04 1.000000000000000000e+06 -1.250000000000000000e+01 -8.811828494071960449e-01 2.880120649933815002e-02
1.069999998435378075e-03 -5.659999791532754898e-03 1.000000000000000000e+06 -1.250000000000000000e+01 -8.811828494071960449e-01 2.880120649933815002e-02
4.279999993741512299e-03 -1.102000009268522263e-02 1.000000000000000000e+06 -1.250000000000000000e+01 -8.811828494071960449e-01 2.880120649933815002e-02
9.610000066459178925e-03 -1.590000092983245850e-02 1.000000000000000000e+06 -1.250000000000000000e+01 -8.811828494071960449e-01 2.880120649933815002e-02
1.703999936580657959e-02 -2.060999907553195953e-02 1.000000000000000000e+06 -1.250000000000000000e+01 -8.811828494071960449e-01 2.880120649933815002e-02
2.652999944984912872e-02 -2.501999959349632263e-02 1.000000000000000000e+06 -1.250000000000000000e+01 -8.811828494071960449e-01 2.880120649933815002e-02
3.805999830365180969e-02 -2.914999984204769135e-02 1.000000000000000000e+06 -1.250000000000000000e+01 -8.811828494071960449e-01 2.880120649933815002e-02
5.155999958515167236e-02 -3.280999884009361267e-02 1.000000000000000000e+06 -1.250000000000000000e+01 -8.811828494071960449e-01 2.880120649933815002e-02
6.699000298976898193e-02 -3.581999987363815308e-02 1.000000000000000000e+06 -1.250000000000000000e+01 -8.811828494071960449e-01 2.880120649933815002e-02
8.427000045776367188e-02 -3.816999867558479309e-02 1.000000000000000000e+06 -1.250000000000000000e+01 -8.811828494071960449e-01 2.880120649933815002e-02
1.033200025558471680e-01 -3.990999981760978699e-02 1.000000000000000000e+06 -1.250000000000000000e+01 -8.811828494071960449e-01 2.880120649933815002e-02
1.240800023078918457e-01 -4.106000065803527832e-02 1.000000000000000000e+06 -1.250000000000000000e+01 -8.811828494071960449e-01 2.880120649933815002e-02
1.464499980211257935e-01 -4.165999963879585266e-02 1.000000000000000000e+06 -1.250000000000000000e+01 -8.811828494071960449e-01 2.880120649933815002e-02
1.703300029039382935e-01 -4.177000001072883606e-02 1.000000000000000000e+06 -1.250000000000000000e+01 -8.811828494071960449e-01 2.880120649933815002e-02
1.956200003623962402e-01 -4.146999865770339966e-02 1.000000000000000000e+06 -1.250000000000000000e+01 -8.811828494071960449e-01 2.880120649933815002e-02
2.222100049257278442e-01 -4.078000038862228394e-02 1.000000000000000000e+06 -1.250000000000000000e+01 -8.811828494071960449e-01 2.880120649933815002e-02
2.500000000000000000e-01 -3.973999992012977600e-02 1.000000000000000000e+06 -1.250000000000000000e+01 -8.811828494071960449e-01 2.880120649933815002e-02
2.788600027561187744e-01 -3.844999894499778748e-02 1.000000000000000000e+06 -1.250000000000000000e+01 -8.811828494071960449e-01 2.880120649933815002e-02
3.086600005626678467e-01 -3.700000047683715820e-02 1.000000000000000000e+06 -1.250000000000000000e+01 -8.811828494071960449e-01 2.880120649933815002e-02
3.392800092697143555e-01 -3.547000139951705933e-02 1.000000000000000000e+06 -1.250000000000000000e+01 -8.811828494071960449e-01 2.880120649933815002e-02
3.705900013446807861e-01 -3.390000015497207642e-02 1.000000000000000000e+06 -1.250000000000000000e+01 -8.811828494071960449e-01 2.880120649933815002e-02
