1.000000000000000000e+00 8.400000000000000348e-04 5.000000000000000000e+05 -6.500000000000000000e+00 -5.422000000000000153e-01 1.781999999999999904e-02
9.503300000000000081e-01 8.550000000000000308e-03 5.000000000000000000e+05 -6.500000000000000000e+00 -5.422000000000000153e-01 1.781999999999999904e-02
9.005400000000000071e-01 1.575000000000000011e-02 5.000000000000000000e+05 -6.500000000000000000e+00 -5.422000000000000153e-01 1.781999999999999904e-02
8.007800000000000473e-01 2.858000000000000124e-02 5.000000000000000000e+05 -6.500000000000000000e+00 -5.422000000000000153e-01 1.781999999999999904e-02
7.008100000000000440e-01 3.941999999999999671e-02 5.000000000000000000e+05 -6.500000000000000000e+00 -5.422000000000000153e-01 1.781999999999999904e-02
6.006799999999999917e-01 4.819999999999999979e-02 5.000000000000000000e+05 -6.500000000000000000e+00 -5.422000000000000153e-01 1.781999999999999904e-02
5.003900000000000015e-01 5.473000000000000087e-02 5.000000000000000000e+05 -6.500000000000000000e+00 -5.422000000000000153e-01 1.781999999999999904e-02
4.000000000000000222e-01 5.868999999999999911e-02 5.000000000000000000e+05 -6.500000000000000000e+00 -5.422000000000000153e-01 1.781999999999999904e-02
2.989999999999999880e-01 5.874999999999999667e-02 5.000000000000000000e+05 -6.500000000000000000e+00 -5.422000000000000153e-01 1.781999999999999904e-02
2.485199999999999909e-01 5.677000000000000102e-02 5.000000000000000000e+05 -6.500000000000000000e+00 -5.422000000000000153e-01 1.781999999999999904e-02
1.980899999999999883e-01 5.319999999999999729e-02 5.000000000000000000e+05 -6.500000000000000000e+00 -5.422000000000000153e-01 1.781999999999999904e-02
1.477799999999999947e-01 4.775999999999999690e-02 5.000000000000000000e+05 -6.500000000000000000e+00 -5.422000000000000153e-01 1.781999999999999904e-02
9.768000000000000294e-02 3.987000000000000266e-02 5.000000000000000000e+05 -6.500000000000000000e+00 -5.422000000000000153e-01 1.781999999999999904e-02
7.273000000000000298e-02 3.470999999999999780e-02 5.000000000000000000e+05 -6.500000000000000000e+00 -5.422000000000000153e-01 1.781999999999999904e-02
4.794000000000000344e-02 2.828999999999999918e-02 5.000000000000000000e+05 -6.500000000000000000e+00 -5.422000000000000153e-01 1.781999999999999904e-02
2.336999999999999841e-02 1.943999999999999895e-02 5.000000000000000000e+05 -6.500000000000000000e+00 -5.422000000000000153e-01 1.781999999999999904e-02
1.128000000000000010e-02 1.379999999999999977e-02 5.000000000000000000e+05 -6.500000000000000000e+00 -5.422000000000000153e-01 1.781999999999999904e-02
0.000000000000000000e+00 0.000000000000000000e+00 5.000000000000000000e+05 -6.500000000000000000e+00 -5.422000000000000153e-01 1.781999999999999904e-02
1.371999999999999956e-02 -1.133999999999999939e-02 5.000000000000000000e+05 -6.500000000000000000e+00 -5.422000000000000153e-01 1.781999999999999904e-02
2.663000000000000089e-02 -1.493000000000000056e-02 5.000000000000000000e+05 -6.500000000000000000e+00 -5.422000000000000153e-01 1.781999999999999904e-02
5.206000000000000211e-02 -1.890999999999999973e-02 5.000000000000000000e+05 -6.500000000000000000e+00 -5.422000000000000153e-01 1.781999999999999904e-02
7.727000000000000535e-02 -2.111000000000000029e-02 5.000000000000000000e+05 -6.500000000000000000e+00 -5.422000000000000153e-01 1.781999999999999904e-02
1.023199999999999943e-01 -2.237000000000000099e-02 5.000000000000000000e+05 -6.500000000000000000e+00 -5.422000000000000153e-01 1.781999999999999904e-02
1.522199999999999942e-01 -2.338000000000000148e-02 5.000000000000000000e+05 -6.500000000000000000e+00 -5.422000000000000153e-01 1.781999999999999904e-02
2.019100000000000061e-01 -2.319999999999999840e-02 5.000000000000000000e+05 -6.500000000000000000e+00 -5.422000000000000153e-01 1.781999999999999904e-02
2.514799999999999813e-01 -2.239000000000000018e-02 5.000000000000000000e+05 -6.500000000000000000e+00 -5.422000000000000153e-01 1.781999999999999904e-02
3.009999999999999898e-01 -2.125000000000000153e-02 5.000000000000000000e+05 -6.500000000000000000e+00 -5.422000000000000153e-01 1.781999999999999904e-02
4.000000000000000222e-01 -1.868999999999999828e-02 5.000000000000000000e+05 -6.500000000000000000e+00 -5.422000000000000153e-01 1.781999999999999904e-02
4.996099999999999985e-01 -1.584999999999999951e-02 5.000000000000000000e+05 -6.500000000000000000e+00 -5.422000000000000153e-01 1.781999999999999904e-02
5.993199999999999639e-01 -1.264000000000000019e-02 5.000000000000000000e+05 -6.500000000000000000e+00 -5.422000000000000153e-01 1.781999999999999904e-02
6.991899999999999782e-01 -9.419999999999999554e-03 5.000000000000000000e+05 -6.500000000000000000e+00 -5.422000000000000153e-01 1.781999999999999904e-02
7.992200000000000415e-01 -6.360000000000000202e-03 5.000000000000000000e+05 -6.500000000000000000e+00 -5.422000000000000153e-01 1.781999999999999904e-02
8.994600000000000373e-01 -3.530000000000000152e-03 5.000000000000000000e+05 -6.500000000000000000e+00 -5.422000000000000153e-01 1.781999999999999904e-02
9.496700000000000141e-01 -2.170000000000000054e-03 5.000000000000000000e+05 -6.500000000000000000e+00 -5.422000000000000153e-01 1.781999999999999904e-02
1.000000000000000000e+00 -8.400000000000000348e-04 5.000000000000000000e+05 -6.500000000000000000e+00 -5.422000000000000153e-01 1.781999999999999904e-02
