1.000000000000000000e+00 1.600000000000000077e-03 5.000000000000000000e+04 2.000000000000000000e+00 4.686000000000000165e-01 2.641999999999999904e-02
9.499999999999999556e-01 1.119999999999999989e-02 5.000000000000000000e+04 2.000000000000000000e+00 4.686000000000000165e-01 2.641999999999999904e-02
9.000000000000000222e-01 2.040000000000000147e-02 5.000000000000000000e+04 2.000000000000000000e+00 4.686000000000000165e-01 2.641999999999999904e-02
8.000000000000000444e-01 3.729999999999999982e-02 5.000000000000000000e+04 2.000000000000000000e+00 4.686000000000000165e-01 2.641999999999999904e-02
6.999999999999999556e-01 5.249999999999999806e-02 5.000000000000000000e+04 2.000000000000000000e+00 4.686000000000000165e-01 2.641999999999999904e-02
5.999999999999999778e-01 6.610000000000000597e-02 5.000000000000000000e+04 2.000000000000000000e+00 4.686000000000000165e-01 2.641999999999999904e-02
5.000000000000000000e-01 7.739999999999999658e-02 5.000000000000000000e+04 2.000000000000000000e+00 4.686000000000000165e-01 2.641999999999999904e-02
4.000000000000000222e-01 8.590000000000000413e-02 5.000000000000000000e+04 2.000000000000000000e+00 4.686000000000000165e-01 2.641999999999999904e-02
2.999999999999999889e-01 9.049999999999999711e-02 5.000000000000000000e+04 2.000000000000000000e+00 4.686000000000000165e-01 2.641999999999999904e-02
2.500000000000000000e-01 9.080000000000000571e-02 5.000000000000000000e+04 2.000000000000000000e+00 4.686000000000000165e-01 2.641999999999999904e-02
2.000000000000000111e-01 8.920000000000000151e-02 5.000000000000000000e+04 2.000000000000000000e+00 4.686000000000000165e-01 2.641999999999999904e-02
1.499999999999999944e-01 8.519999999999999796e-02 5.000000000000000000e+04 2.000000000000000000e+00 4.686000000000000165e-01 2.641999999999999904e-02
1.000000000000000056e-01 7.639999999999999569e-02 5.000000000000000000e+04 2.000000000000000000e+00 4.686000000000000165e-01 2.641999999999999904e-02
7.499999999999999722e-02 6.900000000000000577e-02 5.000000000000000000e+04 2.000000000000000000e+00 4.686000000000000165e-01 2.641999999999999904e-02
5.000000000000000278e-02 5.890000000000000097e-02 5.000000000000000000e+04 2.000000000000000000e+00 4.686000000000000165e-01 2.641999999999999904e-02
2.500000000000000139e-02 4.440000000000000197e-02 5.000000000000000000e+04 2.000000000000000000e+00 4.686000000000000165e-01 2.641999999999999904e-02
1.250000000000000069e-02 3.339999999999999913e-02 5.000000000000000000e+04 2.000000000000000000e+00 4.686000000000000165e-01 2.641999999999999904e-02
0.000000000000000000e+00 0.000000000000000000e+00 5.000000000000000000e+04 2.000000000000000000e+00 4.686000000000000165e-01 2.641999999999999904e-02
1.250000000000000069e-02 -1.540000000000000049e-02 5.000000000000000000e+04 2.000000000000000000e+00 4.686000000000000165e-01 2.641999999999999904e-02
2.500000000000000139e-02 -2.249999999999999917e-02 5.000000000000000000e+04 2.000000000000000000e+00 4.686000000000000165e-01 2.641999999999999904e-02
5.000000000000000278e-02 -3.039999999999999994e-02 5.000000000000000000e+04 2.000000000000000000e+00 4.686000000000000165e-01 2.641999999999999904e-02
7.499999999999999722e-02 -3.610000000000000014e-02 5.000000000000000000e+04 2.000000000000000000e+00 4.686000000000000165e-01 2.641999999999999904e-02
1.000000000000000056e-01 -4.089999999999999886e-02 5.000000000000000000e+04 2.000000000000000000e+00 4.686000000000000165e-01 2.641999999999999904e-02
1.499999999999999944e-01 -4.839999999999999858e-02 5.000000000000000000e+04 2.000000000000000000e+00 4.686000000000000165e-01 2.641999999999999904e-02
2.000000000000000111e-01 -5.410000000000000225e-02 5.000000000000000000e+04 2.000000000000000000e+00 4.686000000000000165e-01 2.641999999999999904e-02
2.500000000000000000e-01 -5.779999999999999721e-02 5.000000000000000000e+04 2.000000000000000000e+00 4.686000000000000165e-01 2.641999999999999904e-02
2.999999999999999889e-01 -5.960000000000000020e-02 5.000000000000000000e+04 2.000000000000000000e+00 4.686000000000000165e-01 2.641999999999999904e-02
4.000000000000000222e-01 -5.920000000000000262e-02 5.000000000000000000e+04 2.000000000000000000e+00 4.686000000000000165e-01 2.641999999999999904e-02
5.000000000000000000e-01 -5.500000000000000028e-02 5.000000000000000000e+04 2.000000000000000000e+00 4.686000000000000165e-01 2.641999999999999904e-02
5.999999999999999778e-01 -4.809999999999999692e-02 5.000000000000000000e+04 2.000000000000000000e+00 4.686000000000000165e-01 2.641999999999999904e-02
6.999999999999999556e-01 -3.910000000000000281e-02 5.000000000000000000e+04 2.000000000000000000e+00 4.686000000000000165e-01 2.641999999999999904e-02
8.000000000000000444e-01 -2.829999999999999877e-02 5.000000000000000000e+04 2.000000000000000000e+00 4.686000000000000165e-01 2.641999999999999904e-02
9.000000000000000222e-01 -1.590000000000000094e-02 5.000000000000000000e+04 2.000000000000000000e+00 4.686000000000000165e-01 2.641999999999999904e-02
9.499999999999999556e-01 -8.999999999999999320e-03 5.000000000000000000e+04 2.000000000000000000e+00 4.686000000000000165e-01 2.641999999999999904e-02
1.000000000000000000e+00 -1.600000000000000077e-03 5.000000000000000000e+04 2.000000000000000000e+00 4.686000000000000165e-01 2.641999999999999904e-02
