1.000000000000000000e+00 1.900000032037496567e-03 5.000000000000000000e+05 4.000000000000000000e+00 6.725865006446838379e-01 1.568508148193359375e-02
9.499999880790710449e-01 1.549999974668025970e-02 5.000000000000000000e+05 4.000000000000000000e+00 6.725865006446838379e-01 1.568508148193359375e-02
8.999999761581420898e-01 2.810000069439411163e-02 5.000000000000000000e+05 4.000000000000000000e+00 6.725865006446838379e-01 1.568508148193359375e-02
8.000000119209289551e-01 5.079999938607215881e-02 5.000000000000000000e+05 4.000000000000000000e+00 6.725865006446838379e-01 1.568508148193359375e-02
6.999999880790710449e-01 7.020000368356704712e-02 5.000000000000000000e+05 4.000000000000000000e+00 6.725865006446838379e-01 1.568508148193359375e-02
6.000000238418579102e-01 8.649999648332595825e-02 5.000000000000000000e+05 4.000000000000000000e+00 6.725865006446838379e-01 1.568508148193359375e-02
5.000000000000000000e-01 9.889999777078628540e-02 5.000000000000000000e+05 4.000000000000000000e+00 6.725865006446838379e-01 1.568508148193359375e-02
4.000000059604644775e-01 1.071000024676322937e-01 5.000000000000000000e+05 4.000000000000000000e+00 6.725865006446838379e-01 1.568508148193359375e-02
3.000000119209289551e-01 1.088000014424324036e-01 5.000000000000000000e+05 4.000000000000000000e+00 6.725865006446838379e-01 1.568508148193359375e-02
2.500000000000000000e-01 1.064999997615814209e-01 5.000000000000000000e+05 4.000000000000000000e+00 6.725865006446838379e-01 1.568508148193359375e-02
2.000000029802322388e-01 1.014999970793724060e-01 5.000000000000000000e+05 4.000000000000000000e+00 6.725865006446838379e-01 1.568508148193359375e-02
1.500000059604644775e-01 9.340000152587890625e-02 5.000000000000000000e+05 4.000000000000000000e+00 6.725865006446838379e-01 1.568508148193359375e-02
1.000000014901161194e-01 8.049999922513961792e-02 5.000000000000000000e+05 4.000000000000000000e+00 6.725865006446838379e-01 1.568508148193359375e-02
7.500000298023223877e-02 7.169999927282333374e-02 5.000000000000000000e+05 4.000000000000000000e+00 6.725865006446838379e-01 1.568508148193359375e-02
5.000000074505805969e-02 6.030000001192092896e-02 5.000000000000000000e+05 4.000000000000000000e+00 6.725865006446838379e-01 1.568508148193359375e-02
2.500000037252902985e-02 4.450000077486038208e-02 5.000000000000000000e+05 4.000000000000000000e+00 6.725865006446838379e-01 1.568508148193359375e-02
1.250000018626451492e-02 3.280000016093254089e-02 5.000000000000000000e+05 4.000000000000000000e+00 6.725865006446838379e-01 1.568508148193359375e-02
0.000000000000000000e+00 0.000000000000000000e+00 5.000000000000000000e+05 4.000000000000000000e+00 6.725865006446838379e-01 1.568508148193359375e-02
1.250000018626451492e-02 -2.449999935925006866e-02 5.000000000000000000e+05 4.000000000000000000e+00 6.725865006446838379e-01 1.568508148193359375e-02
2.500000037252902985e-02 -3.440000116825103760e-02 5.000000000000000000e+05 4.000000000000000000e+00 6.725865006446838379e-01 1.568508148193359375e-02
5.000000074505805969e-02 -4.679999873042106628e-02 5.000000000000000000e+05 4.000000000000000000e+00 6.725865006446838379e-01 1.568508148193359375e-02
7.500000298023223877e-02 -5.480000004172325134e-02 5.000000000000000000e+05 4.000000000000000000e+00 6.725865006446838379e-01 1.568508148193359375e-02
1.000000014901161194e-01 -6.030000001192092896e-02 5.000000000000000000e+05 4.000000000000000000e+00 6.725865006446838379e-01 1.568508148193359375e-02
1.500000059604644775e-01 -6.740000098943710327e-02 5.000000000000000000e+05 4.000000000000000000e+00 6.725865006446838379e-01 1.568508148193359375e-02
2.000000029802322388e-01 -7.090000063180923462e-02 5.000000000000000000e+05 4.000000000000000000e+00 6.725865006446838379e-01 1.568508148193359375e-02
2.500000000000000000e-01 -7.180000096559524536e-02 5.000000000000000000e+05 4.000000000000000000e+00 6.725865006446838379e-01 1.568508148193359375e-02
3.000000119209289551e-01 -7.119999825954437256e-02 5.000000000000000000e+05 4.000000000000000000e+00 6.725865006446838379e-01 1.568508148193359375e-02
4.000000059604644775e-01 -6.710000336170196533e-02 5.000000000000000000e+05 4.000000000000000000e+00 6.725865006446838379e-01 1.568508148193359375e-02
5.000000000000000000e-01 -5.990000069141387939e-02 5.000000000000000000e+05 4.000000000000000000e+00 6.725865006446838379e-01 1.568508148193359375e-02
6.000000238418579102e-01 -5.040000006556510925e-02 5.000000000000000000e+05 4.000000000000000000e+00 6.725865006446838379e-01 1.568508148193359375e-02
6.999999880790710449e-01 -3.970000147819519043e-02 5.000000000000000000e+05 4.000000000000000000e+00 6.725865006446838379e-01 1.568508148193359375e-02
8.000000119209289551e-01 -2.800000086426734924e-02 5.000000000000000000e+05 4.000000000000000000e+00 6.725865006446838379e-01 1.568508148193359375e-02
8.999999761581420898e-01 -1.530000008642673492e-02 5.000000000000000000e+05 4.000000000000000000e+00 6.725865006446838379e-01 1.568508148193359375e-02
9.499999880790710449e-01 -8.700000122189521790e-03 5.000000000000000000e+05 4.000000000000000000e+00 6.725865006446838379e-01 1.568508148193359375e-02
1.000000000000000000e+00 -1.900000032037496567e-03 5.000000000000000000e+05 4.000000000000000000e+00 6.725865006446838379e-01 1.568508148193359375e-02
0.000000000000000000e+00 0.000000000000000000e+00 5.000000000000000000e+05 4.000000000000000000e+00 6.725865006446838379e-01 1.568508148193359375e-02
0.000000000000000000e+00 0.000000000000000000e+00 5.000000000000000000e+05 4.000000000000000000e+00 6.725865006446838379e-01 1.568508148193359375e-02
0.000000000000000000e+00 0.000000000000000000e+00 5.000000000000000000e+05 4.000000000000000000e+00 6.725865006446838379e-01 1.568508148193359375e-02
0.000000000000000000e+00 0.000000000000000000e+00 5.000000000000000000e+05 4.000000000000000000e+00 6.725865006446838379e-01 1.568508148193359375e-02
0.000000000000000000e+00 0.000000000000000000e+00 5.000000000000000000e+05 4.000000000000000000e+00 6.725865006446838379e-01 1.568508148193359375e-02
0.000000000000000000e+00 0.000000000000000000e+00 5.000000000000000000e+05 4.000000000000000000e+00 6.725865006446838379e-01 1.568508148193359375e-02
0.000000000000000000e+00 0.000000000000000000e+00 5.000000000000000000e+05 4.000000000000000000e+00 6.725865006446838379e-01 1.568508148193359375e-02
0.000000000000000000e+00 0.000000000000000000e+00 5.000000000000000000e+05 4.000000000000000000e+00 6.725865006446838379e-01 1.568508148193359375e-02
0.000000000000000000e+00 0.000000000000000000e+00 5.000000000000000000e+05 4.000000000000000000e+00 6.725865006446838379e-01 1.568508148193359375e-02
0.000000000000000000e+00 0.000000000000000000e+00 5.000000000000000000e+05 4.000000000000000000e+00 6.725865006446838379e-01 1.568508148193359375e-02
0.000000000000000000e+00 0.000000000000000000e+00 5.000000000000000000e+05 4.000000000000000000e+00 6.725865006446838379e-01 1.568508148193359375e-02
0.000000000000000000e+00 0.000000000000000000e+00 5.000000000000000000e+05 4.000000000000000000e+00 6.725865006446838379e-01 1.568508148193359375e-02
0.000000000000000000e+00 0.000000000000000000e+00 5.000000000000000000e+05 4.000000000000000000e+00 6.725865006446838379e-01 1.568508148193359375e-02
0.000000000000000000e+00 0.000000000000000000e+00 5.000000000000000000e+05 4.000000000000000000e+00 6.725865006446838379e-01 1.568508148193359375e-02
0.000000000000000000e+00 0.000000000000000000e+00 5.000000000000000000e+05 4.000000000000000000e+00 6.725865006446838379e-01 1.568508148193359375e-02
0.000000000000000000e+00 0.000000000000000000e+00 5.000000000000000000e+05 4.000000000000000000e+00 6.725865006446838379e-01 1.568508148193359375e-02
0.000000000000000000e+00 0.000000000000000000e+00 5.000000000000000000e+05 4.000000000000000000e+00 6.725865006446838379e-01 1.568508148193359375e-02
0.000000000000000000e+00 0.000000000000000000e+00 5.000000000000000000e+05 4.000000000000000000e+00 6.725865006446838379e-01 1.568508148193359375e-02
0.000000000000000000e+00 0.000000000000000000e+00 5.000000000000000000e+05 4.000000000000000000e+00 6.725865006446838379e-01 1.568508148193359375e-02
0.000000000000000000e+00 0.000000000000000000e+00 5.000000000000000000e+05 4.000000000000000000e+00 6.725865006446838379e-01 1.568508148193359375e-02
0.000000000000000000e+00 0.000000000000000000e+00 5.000000000000000000e+05 4.000000000000000000e+00 6.725865006446838379e-01 1.568508148193359375e-02
0.000000000000000000e+00 0.000000000000000000e+00 5.000000000000000000e+05 4.000000000000000000e+00 6.725865006446838379e-01 1.568508148193359375e-02
0.000000000000000000e+00 0.000000000000000000e+00 5.000000000000000000e+05 4.000000000000000000e+00 6.725865006446838379e-01 1.568508148193359375e-02
0.000000000000000000e+00 0.000000000000000000e+00 5.000000000000000000e+05 4.000000000000000000e+00 6.725865006446838379e-01 1.568508148193359375e-02
0.000000000000000000e+00 0.000000000000000000e+00 5.000000000000000000e+05 4.000000000000000000e+00 6.725865006446838379e-01 1.568508148193359375e-02
0.000000000000000000e+00 0.000000000000000000e+00 5.000000000000000000e+05 4.000000000000000000e+00 6.725865006446838379e-01 1.568508148193359375e-02
0.000000000000000000e+00 0.000000000000000000e+00 5.000000000000000000e+05 4.000000000000000000e+00 6.725865006446838379e-01 1.568508148193359375e-02
0.000000000000000000e+00 0.000000000000000000e+00 5.000000000000000000e+05 4.000000000000000000e+00 6.725865006446838379e-01 1.568508148193359375e-02
0.000000000000000000e+00 0.000000000000000000e+00 5.000000000000000000e+05 4.000000000000000000e+00 6.725865006446838379e-01 1.568508148193359375e-02
0.000000000000000000e+00 0.000000000000000000e+00 5.000000000000000000e+05 4.000000000000000000e+00 6.725865006446838379e-01 1.568508148193359375e-02
0.000000000000000000e+00 0.000000000000000000e+00 5.000000000000000000e+05 4.000000000000000000e+00 6.725865006446838379e-01 1.568508148193359375e-02
0.000000000000000000e+00 0.000000000000000000e+00 5.000000000000000000e+05 4.000000000000000000e+00 6.725865006446838379e-01 1.568508148193359375e-02
0.000000000000000000e+00 0.000000000000000000e+00 5.000000000000000000e+05 4.000000000000000000e+00 6.725865006446838379e-01 1.568508148193359375e-02
0.000000000000000000e+00 0.000000000000000000e+00 5.000000000000000000e+05 4.000000000000000000e+00 6.725865006446838379e-01 1.568508148193359375e-02
