1.000000000000000000e+00 0.000000000000000000e+00 1.000000000000000000e+06 1.350000000000000000e+01 1.279300000000000104e+00 2.852000000000000021e-02
9.503599999999999826e-01 1.723999999999999838e-02 1.000000000000000000e+06 1.350000000000000000e+01 1.279300000000000104e+00 2.852000000000000021e-02
9.006399999999999961e-01 3.115000000000000061e-02 1.000000000000000000e+06 1.350000000000000000e+01 1.279300000000000104e+00 2.852000000000000021e-02
8.011599999999999833e-01 5.686999999999999694e-02 1.000000000000000000e+06 1.350000000000000000e+01 1.279300000000000104e+00 2.852000000000000021e-02
7.016200000000000214e-01 7.988000000000000655e-02 1.000000000000000000e+06 1.350000000000000000e+01 1.279300000000000104e+00 2.852000000000000021e-02
6.020199999999999996e-01 1.000800000000000023e-01 1.000000000000000000e+06 1.350000000000000000e+01 1.279300000000000104e+00 2.852000000000000021e-02
5.023499999999999632e-01 1.169000000000000039e-01 1.000000000000000000e+06 1.350000000000000000e+01 1.279300000000000104e+00 2.852000000000000021e-02
4.025599999999999734e-01 1.292800000000000060e-01 1.000000000000000000e+06 1.350000000000000000e+01 1.279300000000000104e+00 2.852000000000000021e-02
3.026499999999999746e-01 1.354599999999999971e-01 1.000000000000000000e+06 1.350000000000000000e+01 1.279300000000000104e+00 2.852000000000000021e-02
2.526200000000000112e-01 1.353499999999999981e-01 1.000000000000000000e+06 1.350000000000000000e+01 1.279300000000000104e+00 2.852000000000000021e-02
2.025299999999999878e-01 1.323699999999999877e-01 1.000000000000000000e+06 1.350000000000000000e+01 1.279300000000000104e+00 2.852000000000000021e-02
1.500100000000000044e-01 1.252800000000000025e-01 1.000000000000000000e+06 1.350000000000000000e+01 1.279300000000000104e+00 2.852000000000000021e-02
9.422999999999999432e-02 1.104900000000000049e-01 1.000000000000000000e+06 1.350000000000000000e+01 1.279300000000000104e+00 2.852000000000000021e-02
6.600999999999999923e-02 9.843999999999999972e-02 1.000000000000000000e+06 1.350000000000000000e+01 1.279300000000000104e+00 2.852000000000000021e-02
3.853000000000000175e-02 8.172000000000000097e-02 1.000000000000000000e+06 1.350000000000000000e+01 1.279300000000000104e+00 2.852000000000000021e-02
1.331000000000000065e-02 5.763999999999999679e-02 1.000000000000000000e+06 1.350000000000000000e+01 1.279300000000000104e+00 2.852000000000000021e-02
2.769999999999999893e-03 4.016999999999999738e-02 1.000000000000000000e+06 1.350000000000000000e+01 1.279300000000000104e+00 2.852000000000000021e-02
0.000000000000000000e+00 0.000000000000000000e+00 1.000000000000000000e+06 1.350000000000000000e+01 1.279300000000000104e+00 2.852000000000000021e-02
2.222999999999999976e-02 -3.302999999999999686e-02 1.000000000000000000e+06 1.350000000000000000e+01 1.279300000000000104e+00 2.852000000000000021e-02
3.669000000000000039e-02 -4.431999999999999829e-02 1.000000000000000000e+06 1.350000000000000000e+01 1.279300000000000104e+00 2.852000000000000021e-02
6.146999999999999686e-02 -5.861999999999999850e-02 1.000000000000000000e+06 1.350000000000000000e+01 1.279300000000000104e+00 2.852000000000000021e-02
8.398999999999999522e-02 -6.859999999999999432e-02 1.000000000000000000e+06 1.350000000000000000e+01 1.279300000000000104e+00 2.852000000000000021e-02
1.057700000000000029e-01 -7.646999999999999631e-02 1.000000000000000000e+06 1.350000000000000000e+01 1.279300000000000104e+00 2.852000000000000021e-02
1.499900000000000122e-01 -8.852000000000000146e-02 1.000000000000000000e+06 1.350000000000000000e+01 1.279300000000000104e+00 2.852000000000000021e-02
1.974700000000000066e-01 -9.703000000000000513e-02 1.000000000000000000e+06 1.350000000000000000e+01 1.279300000000000104e+00 2.852000000000000021e-02
2.473799999999999888e-01 -1.022300000000000014e-01 1.000000000000000000e+06 1.350000000000000000e+01 1.279300000000000104e+00 2.852000000000000021e-02
2.973500000000000032e-01 -1.045399999999999940e-01 1.000000000000000000e+06 1.350000000000000000e+01 1.279300000000000104e+00 2.852000000000000021e-02
3.974400000000000155e-01 -1.027799999999999964e-01 1.000000000000000000e+06 1.350000000000000000e+01 1.279300000000000104e+00 2.852000000000000021e-02
4.976599999999999913e-01 -9.482000000000000151e-02 1.000000000000000000e+06 1.350000000000000000e+01 1.279300000000000104e+00 2.852000000000000021e-02
5.979799999999999560e-01 -8.241999999999999327e-02 1.000000000000000000e+06 1.350000000000000000e+01 1.279300000000000104e+00 2.852000000000000021e-02
6.983800000000000008e-01 -6.664000000000000479e-02 1.000000000000000000e+06 1.350000000000000000e+01 1.279300000000000104e+00 2.852000000000000021e-02
7.988399999999999945e-01 -4.803000000000000325e-02 1.000000000000000000e+06 1.350000000000000000e+01 1.279300000000000104e+00 2.852000000000000021e-02
8.993600000000000483e-01 -2.673000000000000029e-02 1.000000000000000000e+06 1.350000000000000000e+01 1.279300000000000104e+00 2.852000000000000021e-02
9.496400000000000396e-01 -1.503999999999999955e-02 1.000000000000000000e+06 1.350000000000000000e+01 1.279300000000000104e+00 2.852000000000000021e-02
1.000000000000000000e+00 0.000000000000000000e+00 1.000000000000000000e+06 1.350000000000000000e+01 1.279300000000000104e+00 2.852000000000000021e-02
