1.000000000000000000e+00 1.049999962560832500e-03 5.000000000000000000e+05 4.500000000000000000e+00 7.401491403579711914e-01 2.110836282372474670e-02
9.504100084304809570e-01 9.899999946355819702e-03 5.000000000000000000e+05 4.500000000000000000e+00 7.401491403579711914e-01 2.110836282372474670e-02
9.006699919700622559e-01 1.816000044345855713e-02 5.000000000000000000e+05 4.500000000000000000e+00 7.401491403579711914e-01 2.110836282372474670e-02
8.009700179100036621e-01 3.296000137925148010e-02 5.000000000000000000e+05 4.500000000000000000e+00 7.401491403579711914e-01 2.110836282372474670e-02
7.010200023651123047e-01 4.551000148057937622e-02 5.000000000000000000e+05 4.500000000000000000e+00 7.401491403579711914e-01 2.110836282372474670e-02
6.008499860763549805e-01 5.579999834299087524e-02 5.000000000000000000e+05 4.500000000000000000e+00 7.401491403579711914e-01 2.110836282372474670e-02
5.004900097846984863e-01 6.356000155210494995e-02 5.000000000000000000e+05 4.500000000000000000e+00 7.401491403579711914e-01 2.110836282372474670e-02
4.000000059604644775e-01 6.836999952793121338e-02 5.000000000000000000e+05 4.500000000000000000e+00 7.401491403579711914e-01 2.110836282372474670e-02
2.987500131130218506e-01 6.875000149011611938e-02 5.000000000000000000e+05 4.500000000000000000e+00 7.401491403579711914e-01 2.110836282372474670e-02
2.481400072574615479e-01 6.667999923229217529e-02 5.000000000000000000e+05 4.500000000000000000e+00 7.401491403579711914e-01 2.110836282372474670e-02
1.976100057363510132e-01 6.276000291109085083e-02 5.000000000000000000e+05 4.500000000000000000e+00 7.401491403579711914e-01 2.110836282372474670e-02
1.472200006246566772e-01 5.665000155568122864e-02 5.000000000000000000e+05 4.500000000000000000e+00 7.401491403579711914e-01 2.110836282372474670e-02
9.709999710321426392e-02 4.766000062227249146e-02 5.000000000000000000e+05 4.500000000000000000e+00 7.401491403579711914e-01 2.110836282372474670e-02
7.216999679803848267e-02 4.168999940156936646e-02 5.000000000000000000e+05 4.500000000000000000e+00 7.401491403579711914e-01 2.110836282372474670e-02
4.741999879479408264e-02 3.420000150799751282e-02 5.000000000000000000e+05 4.500000000000000000e+00 7.401491403579711914e-01 2.110836282372474670e-02
2.297000028192996979e-02 2.411000058054924011e-02 5.000000000000000000e+05 4.500000000000000000e+00 7.401491403579711914e-01 2.110836282372474670e-02
1.097999978810548782e-02 1.693999953567981720e-02 5.000000000000000000e+05 4.500000000000000000e+00 7.401491403579711914e-01 2.110836282372474670e-02
0.000000000000000000e+00 0.000000000000000000e+00 5.000000000000000000e+05 4.500000000000000000e+00 7.401491403579711914e-01 2.110836282372474670e-02
1.401999965310096741e-02 -1.448000036180019379e-02 5.000000000000000000e+05 4.500000000000000000e+00 7.401491403579711914e-01 2.110836282372474670e-02
2.703000046312808990e-02 -1.926999911665916443e-02 5.000000000000000000e+05 4.500000000000000000e+00 7.401491403579711914e-01 2.110836282372474670e-02
5.257999897003173828e-02 -2.481999993324279785e-02 5.000000000000000000e+05 4.500000000000000000e+00 7.401491403579711914e-01 2.110836282372474670e-02
7.783000171184539795e-02 -2.809000015258789062e-02 5.000000000000000000e+05 4.500000000000000000e+00 7.401491403579711914e-01 2.110836282372474670e-02
1.028999984264373779e-01 -3.016000054776668549e-02 5.000000000000000000e+05 4.500000000000000000e+00 7.401491403579711914e-01 2.110836282372474670e-02
1.527799963951110840e-01 -3.226999938488006592e-02 5.000000000000000000e+05 4.500000000000000000e+00 7.401491403579711914e-01 2.110836282372474670e-02
2.023900002241134644e-01 -3.276000171899795532e-02 5.000000000000000000e+05 4.500000000000000000e+00 7.401491403579711914e-01 2.110836282372474670e-02
2.518599927425384521e-01 -3.229999914765357971e-02 5.000000000000000000e+05 4.500000000000000000e+00 7.401491403579711914e-01 2.110836282372474670e-02
3.012500107288360596e-01 -3.125000000000000000e-02 5.000000000000000000e+05 4.500000000000000000e+00 7.401491403579711914e-01 2.110836282372474670e-02
4.000000059604644775e-01 -2.837000042200088501e-02 5.000000000000000000e+05 4.500000000000000000e+00 7.401491403579711914e-01 2.110836282372474670e-02
4.995099902153015137e-01 -2.467999979853630066e-02 5.000000000000000000e+05 4.500000000000000000e+00 7.401491403579711914e-01 2.110836282372474670e-02
5.991500020027160645e-01 -2.023999951779842377e-02 5.000000000000000000e+05 4.500000000000000000e+00 7.401491403579711914e-01 2.110836282372474670e-02
6.989799737930297852e-01 -1.551000028848648071e-02 5.000000000000000000e+05 4.500000000000000000e+00 7.401491403579711914e-01 2.110836282372474670e-02
7.990300059318542480e-01 -1.073999982327222824e-02 5.000000000000000000e+05 4.500000000000000000e+00 7.401491403579711914e-01 2.110836282372474670e-02
8.993300199508666992e-01 -5.940000060945749283e-03 5.000000000000000000e+05 4.500000000000000000e+00 7.401491403579711914e-01 2.110836282372474670e-02
9.495900273323059082e-01 -3.520000027492642403e-03 5.000000000000000000e+05 4.500000000000000000e+00 7.401491403579711914e-01 2.110836282372474670e-02
1.000000000000000000e+00 -1.049999962560832500e-03 5.000000000000000000e+05 4.500000000000000000e+00 7.401491403579711914e-01 2.110836282372474670e-02
0.000000000000000000e+00 0.000000000000000000e+00 5.000000000000000000e+05 4.500000000000000000e+00 7.401491403579711914e-01 2.110836282372474670e-02
0.000000000000000000e+00 0.000000000000000000e+00 5.000000000000000000e+05 4.500000000000000000e+00 7.401491403579711914e-01 2.110836282372474670e-02
0.000000000000000000e+00 0.000000000000000000e+00 5.000000000000000000e+05 4.500000000000000000e+00 7.401491403579711914e-01 2.110836282372474670e-02
0.000000000000000000e+00 0.000000000000000000e+00 5.000000000000000000e+05 4.500000000000000000e+00 7.401491403579711914e-01 2.110836282372474670e-02
0.000000000000000000e+00 0.000000000000000000e+00 5.000000000000000000e+05 4.500000000000000000e+00 7.401491403579711914e-01 2.110836282372474670e-02
0.000000000000000000e+00 0.000000000000000000e+00 5.000000000000000000e+05 4.500000000000000000e+00 7.401491403579711914e-01 2.110836282372474670e-02
0.000000000000000000e+00 0.000000000000000000e+00 5.000000000000000000e+05 4.500000000000000000e+00 7.401491403579711914e-01 2.110836282372474670e-02
0.000000000000000000e+00 0.000000000000000000e+00 5.000000000000000000e+05 4.500000000000000000e+00 7.401491403579711914e-01 2.110836282372474670e-02
0.000000000000000000e+00 0.000000000000000000e+00 5.000000000000000000e+05 4.500000000000000000e+00 7.401491403579711914e-01 2.110836282372474670e-02
0.000000000000000000e+00 0.000000000000000000e+00 5.000000000000000000e+05 4.500000000000000000e+00 7.401491403579711914e-01 2.110836282372474670e-02
0.000000000000000000e+00 0.000000000000000000e+00 5.000000000000000000e+05 4.500000000000000000e+00 7.401491403579711914e-01 2.110836282372474670e-02
0.000000000000000000e+00 0.000000000000000000e+00 5.000000000000000000e+05 4.500000000000000000e+00 7.401491403579711914e-01 2.110836282372474670e-02
0.000000000000000000e+00 0.000000000000000000e+00 5.000000000000000000e+05 4.500000000000000000e+00 7.401491403579711914e-01 2.110836282372474670e-02
0.000000000000000000e+00 0.000000000000000000e+00 5.000000000000000000e+05 4.500000000000000000e+00 7.401491403579711914e-01 2.110836282372474670e-02
0.000000000000000000e+00 0.000000000000000000e+00 5.000000000000000000e+05 4.500000000000000000e+00 7.401491403579711914e-01 2.110836282372474670e-02
0.000000000000000000e+00 0.000000000000000000e+00 5.000000000000000000e+05 4.500000000000000000e+00 7.401491403579711914e-01 2.110836282372474670e-02
0.000000000000000000e+00 0.000000000000000000e+00 5.000000000000000000e+05 4.500000000000000000e+00 7.401491403579711914e-01 2.110836282372474670e-02
0.000000000000000000e+00 0.000000000000000000e+00 5.000000000000000000e+05 4.500000000000000000e+00 7.401491403579711914e-01 2.110836282372474670e-02
0.000000000000000000e+00 0.000000000000000000e+00 5.000000000000000000e+05 4.500000000000000000e+00 7.401491403579711914e-01 2.110836282372474670e-02
0.000000000000000000e+00 0.000000000000000000e+00 5.000000000000000000e+05 4.500000000000000000e+00 7.401491403579711914e-01 2.110836282372474670e-02
0.000000000000000000e+00 0.000000000000000000e+00 5.000000000000000000e+05 4.500000000000000000e+00 7.401491403579711914e-01 2.110836282372474670e-02
0.000000000000000000e+00 0.000000000000000000e+00 5.000000000000000000e+05 4.500000000000000000e+00 7.401491403579711914e-01 2.110836282372474670e-02
0.000000000000000000e+00 0.000000000000000000e+00 5.000000000000000000e+05 4.500000000000000000e+00 7.401491403579711914e-01 2.110836282372474670e-02
0.000000000000000000e+00 0.000000000000000000e+00 5.000000000000000000e+05 4.500000000000000000e+00 7.401491403579711914e-01 2.110836282372474670e-02
0.000000000000000000e+00 0.000000000000000000e+00 5.000000000000000000e+05 4.500000000000000000e+00 7.401491403579711914e-01 2.110836282372474670e-02
0.000000000000000000e+00 0.000000000000000000e+00 5.000000000000000000e+05 4.500000000000000000e+00 7.401491403579711914e-01 2.110836282372474670e-02
0.000000000000000000e+00 0.000000000000000000e+00 5.000000000000000000e+05 4.500000000000000000e+00 7.401491403579711914e-01 2.110836282372474670e-02
0.000000000000000000e+00 0.000000000000000000e+00 5.000000000000000000e+05 4.500000000000000000e+00 7.401491403579711914e-01 2.110836282372474670e-02
0.000000000000000000e+00 0.000000000000000000e+00 5.000000000000000000e+05 4.500000000000000000e+00 7.401491403579711914e-01 2.110836282372474670e-02
0.000000000000000000e+00 0.000000000000000000e+00 5.000000000000000000e+05 4.500000000000000000e+00 7.401491403579711914e-01 2.110836282372474670e-02
0.000000000000000000e+00 0.000000000000000000e+00 5.000000000000000000e+05 4.500000000000000000e+00 7.401491403579711914e-01 2.110836282372474670e-02
0.000000000000000000e+00 0.000000000000000000e+00 5.000000000000000000e+05 4.500000000000000000e+00 7.401491403579711914e-01 2.110836282372474670e-02
0.000000000000000000e+00 0.000000000000000000e+00 5.000000000000000000e+05 4.500000000000000000e+00 7.401491403579711914e-01 2.110836282372474670e-02
0.000000000000000000e+00 0.000000000000000000e+00 5.000000000000000000e+05 4.500000000000000000e+00 7.401491403579711914e-01 2.110836282372474670e-02
