1.000000000000000000e+00 2.200000000000000133e-03 2.000000000000000000e+05 -3.250000000000000000e+00 1.224999999999999978e-01 1.566999999999999990e-02
9.499999999999999556e-01 2.110000000000000070e-02 2.000000000000000000e+05 -3.250000000000000000e+00 1.224999999999999978e-01 1.566999999999999990e-02
9.000000000000000222e-01 3.849999999999999950e-02 2.000000000000000000e+05 -3.250000000000000000e+00 1.224999999999999978e-01 1.566999999999999990e-02
8.000000000000000444e-01 6.909999999999999476e-02 2.000000000000000000e+05 -3.250000000000000000e+00 1.224999999999999978e-01 1.566999999999999990e-02
6.999999999999999556e-01 9.500000000000000111e-02 2.000000000000000000e+05 -3.250000000000000000e+00 1.224999999999999978e-01 1.566999999999999990e-02
5.999999999999999778e-01 1.160000000000000059e-01 2.000000000000000000e+05 -3.250000000000000000e+00 1.224999999999999978e-01 1.566999999999999990e-02
5.000000000000000000e-01 1.318000000000000005e-01 2.000000000000000000e+05 -3.250000000000000000e+00 1.224999999999999978e-01 1.566999999999999990e-02
4.000000000000000222e-01 1.416000000000000036e-01 2.000000000000000000e+05 -3.250000000000000000e+00 1.224999999999999978e-01 1.566999999999999990e-02
2.999999999999999889e-01 1.426999999999999935e-01 2.000000000000000000e+05 -3.250000000000000000e+00 1.224999999999999978e-01 1.566999999999999990e-02
2.500000000000000000e-01 1.388000000000000067e-01 2.000000000000000000e+05 -3.250000000000000000e+00 1.224999999999999978e-01 1.566999999999999990e-02
2.000000000000000111e-01 1.317000000000000115e-01 2.000000000000000000e+05 -3.250000000000000000e+00 1.224999999999999978e-01 1.566999999999999990e-02
1.499999999999999944e-01 1.203999999999999931e-01 2.000000000000000000e+05 -3.250000000000000000e+00 1.224999999999999978e-01 1.566999999999999990e-02
1.000000000000000056e-01 1.034999999999999948e-01 2.000000000000000000e+05 -3.250000000000000000e+00 1.224999999999999978e-01 1.566999999999999990e-02
7.499999999999999722e-02 9.239999999999999603e-02 2.000000000000000000e+05 -3.250000000000000000e+00 1.224999999999999978e-01 1.566999999999999990e-02
5.000000000000000278e-02 7.820000000000000562e-02 2.000000000000000000e+05 -3.250000000000000000e+00 1.224999999999999978e-01 1.566999999999999990e-02
2.500000000000000139e-02 5.840000000000000052e-02 2.000000000000000000e+05 -3.250000000000000000e+00 1.224999999999999978e-01 1.566999999999999990e-02
1.250000000000000069e-02 4.449999999999999789e-02 2.000000000000000000e+05 -3.250000000000000000e+00 1.224999999999999978e-01 1.566999999999999990e-02
0.000000000000000000e+00 0.000000000000000000e+00 2.000000000000000000e+05 -3.250000000000000000e+00 1.224999999999999978e-01 1.566999999999999990e-02
1.250000000000000069e-02 -2.419999999999999929e-02 2.000000000000000000e+05 -3.250000000000000000e+00 1.224999999999999978e-01 1.566999999999999990e-02
2.500000000000000139e-02 -3.479999999999999760e-02 2.000000000000000000e+05 -3.250000000000000000e+00 1.224999999999999978e-01 1.566999999999999990e-02
5.000000000000000278e-02 -4.780000000000000221e-02 2.000000000000000000e+05 -3.250000000000000000e+00 1.224999999999999978e-01 1.566999999999999990e-02
7.499999999999999722e-02 -5.619999999999999996e-02 2.000000000000000000e+05 -3.250000000000000000e+00 1.224999999999999978e-01 1.566999999999999990e-02
1.000000000000000056e-01 -6.149999999999999911e-02 2.000000000000000000e+05 -3.250000000000000000e+00 1.224999999999999978e-01 1.566999999999999990e-02
1.499999999999999944e-01 -6.750000000000000444e-02 2.000000000000000000e+05 -3.250000000000000000e+00 1.224999999999999978e-01 1.566999999999999990e-02
2.000000000000000111e-01 -6.980000000000000093e-02 2.000000000000000000e+05 -3.250000000000000000e+00 1.224999999999999978e-01 1.566999999999999990e-02
2.500000000000000000e-01 -6.919999999999999762e-02 2.000000000000000000e+05 -3.250000000000000000e+00 1.224999999999999978e-01 1.566999999999999990e-02
2.999999999999999889e-01 -6.759999999999999343e-02 2.000000000000000000e+05 -3.250000000000000000e+00 1.224999999999999978e-01 1.566999999999999990e-02
4.000000000000000222e-01 -6.160000000000000198e-02 2.000000000000000000e+05 -3.250000000000000000e+00 1.224999999999999978e-01 1.566999999999999990e-02
5.000000000000000000e-01 -5.340000000000000302e-02 2.000000000000000000e+05 -3.250000000000000000e+00 1.224999999999999978e-01 1.566999999999999990e-02
5.999999999999999778e-01 -4.399999999999999745e-02 2.000000000000000000e+05 -3.250000000000000000e+00 1.224999999999999978e-01 1.566999999999999990e-02
6.999999999999999556e-01 -3.350000000000000200e-02 2.000000000000000000e+05 -3.250000000000000000e+00 1.224999999999999978e-01 1.566999999999999990e-02
8.000000000000000444e-01 -2.309999999999999901e-02 2.000000000000000000e+05 -3.250000000000000000e+00 1.224999999999999978e-01 1.566999999999999990e-02
9.000000000000000222e-01 -1.269999999999999948e-02 2.000000000000000000e+05 -3.250000000000000000e+00 1.224999999999999978e-01 1.566999999999999990e-02
9.499999999999999556e-01 -7.400000000000000328e-03 2.000000000000000000e+05 -3.250000000000000000e+00 1.224999999999999978e-01 1.566999999999999990e-02
1.000000000000000000e+00 -2.200000000000000133e-03 2.000000000000000000e+05 -3.250000000000000000e+00 1.224999999999999978e-01 1.566999999999999990e-02
