1.000000000000000000e+00 0.000000000000000000e+00 2.000000000000000000e+05 -1.200000000000000000e+01 -8.277999999999999803e-01 3.325999999999999790e-02
9.519600000000000284e-01 2.239999999999999977e-02 2.000000000000000000e+05 -1.200000000000000000e+01 -8.277999999999999803e-01 3.325999999999999790e-02
9.032000000000000028e-01 4.098999999999999866e-02 2.000000000000000000e+05 -1.200000000000000000e+01 -8.277999999999999803e-01 3.325999999999999790e-02
8.046400000000000219e-01 7.446999999999999453e-02 2.000000000000000000e+05 -1.200000000000000000e+01 -8.277999999999999803e-01 3.325999999999999790e-02
7.048699999999999966e-01 1.031200000000000033e-01 2.000000000000000000e+05 -1.200000000000000000e+01 -8.277999999999999803e-01 3.325999999999999790e-02
6.040499999999999758e-01 1.267399999999999916e-01 2.000000000000000000e+05 -1.200000000000000000e+01 -8.277999999999999803e-01 3.325999999999999790e-02
5.023499999999999632e-01 1.447400000000000075e-01 2.000000000000000000e+05 -1.200000000000000000e+01 -8.277999999999999803e-01 3.325999999999999790e-02
4.000000000000000222e-01 1.560600000000000043e-01 2.000000000000000000e+05 -1.200000000000000000e+01 -8.277999999999999803e-01 3.325999999999999790e-02
2.940099999999999936e-01 1.573799999999999921e-01 2.000000000000000000e+05 -1.200000000000000000e+01 -8.277999999999999803e-01 3.325999999999999790e-02
2.411099999999999910e-01 1.528700000000000059e-01 2.000000000000000000e+05 -1.200000000000000000e+01 -8.277999999999999803e-01 3.325999999999999790e-02
1.885799999999999976e-01 1.441600000000000104e-01 2.000000000000000000e+05 -1.200000000000000000e+01 -8.277999999999999803e-01 3.325999999999999790e-02
1.367400000000000004e-01 1.304500000000000104e-01 2.000000000000000000e+05 -1.200000000000000000e+01 -8.277999999999999803e-01 3.325999999999999790e-02
8.611000000000000598e-02 1.101199999999999957e-01 2.000000000000000000e+05 -1.200000000000000000e+01 -8.277999999999999803e-01 3.325999999999999790e-02
6.153000000000000136e-02 9.650999999999999857e-02 2.000000000000000000e+05 -1.200000000000000000e+01 -8.277999999999999803e-01 3.325999999999999790e-02
3.774999999999999883e-02 7.942000000000000448e-02 2.000000000000000000e+05 -1.200000000000000000e+01 -8.277999999999999803e-01 3.325999999999999790e-02
1.536000000000000039e-02 5.623999999999999833e-02 2.000000000000000000e+05 -1.200000000000000000e+01 -8.277999999999999803e-01 3.325999999999999790e-02
5.300000000000000024e-03 3.964000000000000162e-02 2.000000000000000000e+05 -1.200000000000000000e+01 -8.277999999999999803e-01 3.325999999999999790e-02
0.000000000000000000e+00 0.000000000000000000e+00 2.000000000000000000e+05 -1.200000000000000000e+01 -8.277999999999999803e-01 3.325999999999999790e-02
1.969999999999999876e-02 -3.472000000000000086e-02 2.000000000000000000e+05 -1.200000000000000000e+01 -8.277999999999999803e-01 3.325999999999999790e-02
3.463999999999999718e-02 -4.655999999999999722e-02 2.000000000000000000e+05 -1.200000000000000000e+01 -8.277999999999999803e-01 3.325999999999999790e-02
6.224999999999999978e-02 -6.065999999999999864e-02 2.000000000000000000e+05 -1.200000000000000000e+01 -8.277999999999999803e-01 3.325999999999999790e-02
8.846999999999999309e-02 -6.930999999999999661e-02 2.000000000000000000e+05 -1.200000000000000000e+01 -8.277999999999999803e-01 3.325999999999999790e-02
1.138900000000000051e-01 -7.512000000000000621e-02 2.000000000000000000e+05 -1.200000000000000000e+01 -8.277999999999999803e-01 3.325999999999999790e-02
1.632599999999999885e-01 -8.168999999999999873e-02 2.000000000000000000e+05 -1.200000000000000000e+01 -8.277999999999999803e-01 3.325999999999999790e-02
2.114199999999999968e-01 -8.415999999999999870e-02 2.000000000000000000e+05 -1.200000000000000000e+01 -8.277999999999999803e-01 3.325999999999999790e-02
2.588900000000000090e-01 -8.411000000000000421e-02 2.000000000000000000e+05 -1.200000000000000000e+01 -8.277999999999999803e-01 3.325999999999999790e-02
3.059899999999999842e-01 -8.237999999999999490e-02 2.000000000000000000e+05 -1.200000000000000000e+01 -8.277999999999999803e-01 3.325999999999999790e-02
4.000000000000000222e-01 -7.606000000000000261e-02 2.000000000000000000e+05 -1.200000000000000000e+01 -8.277999999999999803e-01 3.325999999999999790e-02
4.976499999999999813e-01 -6.697999999999999787e-02 2.000000000000000000e+05 -1.200000000000000000e+01 -8.277999999999999803e-01 3.325999999999999790e-02
5.959499999999999797e-01 -5.562000000000000277e-02 2.000000000000000000e+05 -1.200000000000000000e+01 -8.277999999999999803e-01 3.325999999999999790e-02
6.951300000000000257e-01 -4.311999999999999861e-02 2.000000000000000000e+05 -1.200000000000000000e+01 -8.277999999999999803e-01 3.325999999999999790e-02
7.953599999999999559e-01 -3.003000000000000114e-02 2.000000000000000000e+05 -1.200000000000000000e+01 -8.277999999999999803e-01 3.325999999999999790e-02
8.968000000000000416e-01 -1.654999999999999874e-02 2.000000000000000000e+05 -1.200000000000000000e+01 -8.277999999999999803e-01 3.325999999999999790e-02
9.480399999999999938e-01 -9.639999999999999264e-03 2.000000000000000000e+05 -1.200000000000000000e+01 -8.277999999999999803e-01 3.325999999999999790e-02
1.000000000000000000e+00 0.000000000000000000e+00 2.000000000000000000e+05 -1.200000000000000000e+01 -8.277999999999999803e-01 3.325999999999999790e-02
