1.000000000000000000e+00 1.299999999999999940e-03 1.000000000000000000e+05 2.750000000000000000e+00 5.877000000000000002e-01 1.565000000000000072e-02
9.499999999999999556e-01 1.140000000000000041e-02 1.000000000000000000e+05 2.750000000000000000e+00 5.877000000000000002e-01 1.565000000000000072e-02
9.000000000000000222e-01 2.079999999999999905e-02 1.000000000000000000e+05 2.750000000000000000e+00 5.877000000000000002e-01 1.565000000000000072e-02
8.000000000000000444e-01 3.749999999999999861e-02 1.000000000000000000e+05 2.750000000000000000e+00 5.877000000000000002e-01 1.565000000000000072e-02
6.999999999999999556e-01 5.179999999999999882e-02 1.000000000000000000e+05 2.750000000000000000e+00 5.877000000000000002e-01 1.565000000000000072e-02
5.999999999999999778e-01 6.360000000000000375e-02 1.000000000000000000e+05 2.750000000000000000e+00 5.877000000000000002e-01 1.565000000000000072e-02
5.000000000000000000e-01 7.240000000000000602e-02 1.000000000000000000e+05 2.750000000000000000e+00 5.877000000000000002e-01 1.565000000000000072e-02
4.000000000000000222e-01 7.799999999999999989e-02 1.000000000000000000e+05 2.750000000000000000e+00 5.877000000000000002e-01 1.565000000000000072e-02
2.999999999999999889e-01 7.879999999999999505e-02 1.000000000000000000e+05 2.750000000000000000e+00 5.877000000000000002e-01 1.565000000000000072e-02
2.500000000000000000e-01 7.670000000000000429e-02 1.000000000000000000e+05 2.750000000000000000e+00 5.877000000000000002e-01 1.565000000000000072e-02
2.000000000000000111e-01 7.259999999999999787e-02 1.000000000000000000e+05 2.750000000000000000e+00 5.877000000000000002e-01 1.565000000000000072e-02
1.499999999999999944e-01 6.610000000000000597e-02 1.000000000000000000e+05 2.750000000000000000e+00 5.877000000000000002e-01 1.565000000000000072e-02
1.000000000000000056e-01 5.630000000000000282e-02 1.000000000000000000e+05 2.750000000000000000e+00 5.877000000000000002e-01 1.565000000000000072e-02
7.499999999999999722e-02 4.959999999999999826e-02 1.000000000000000000e+05 2.750000000000000000e+00 5.877000000000000002e-01 1.565000000000000072e-02
5.000000000000000278e-02 4.130000000000000338e-02 1.000000000000000000e+05 2.750000000000000000e+00 5.877000000000000002e-01 1.565000000000000072e-02
2.500000000000000139e-02 2.989999999999999949e-02 1.000000000000000000e+05 2.750000000000000000e+00 5.877000000000000002e-01 1.565000000000000072e-02
1.250000000000000069e-02 2.149999999999999828e-02 1.000000000000000000e+05 2.750000000000000000e+00 5.877000000000000002e-01 1.565000000000000072e-02
0.000000000000000000e+00 0.000000000000000000e+00 1.000000000000000000e+05 2.750000000000000000e+00 5.877000000000000002e-01 1.565000000000000072e-02
1.250000000000000069e-02 -1.650000000000000078e-02 1.000000000000000000e+05 2.750000000000000000e+00 5.877000000000000002e-01 1.565000000000000072e-02
2.500000000000000139e-02 -2.270000000000000143e-02 1.000000000000000000e+05 2.750000000000000000e+00 5.877000000000000002e-01 1.565000000000000072e-02
5.000000000000000278e-02 -3.009999999999999828e-02 1.000000000000000000e+05 2.750000000000000000e+00 5.877000000000000002e-01 1.565000000000000072e-02
7.499999999999999722e-02 -3.459999999999999881e-02 1.000000000000000000e+05 2.750000000000000000e+00 5.877000000000000002e-01 1.565000000000000072e-02
1.000000000000000056e-01 -3.749999999999999861e-02 1.000000000000000000e+05 2.750000000000000000e+00 5.877000000000000002e-01 1.565000000000000072e-02
1.499999999999999944e-01 -4.100000000000000172e-02 1.000000000000000000e+05 2.750000000000000000e+00 5.877000000000000002e-01 1.565000000000000072e-02
2.000000000000000111e-01 -4.229999999999999732e-02 1.000000000000000000e+05 2.750000000000000000e+00 5.877000000000000002e-01 1.565000000000000072e-02
2.500000000000000000e-01 -4.220000000000000140e-02 1.000000000000000000e+05 2.750000000000000000e+00 5.877000000000000002e-01 1.565000000000000072e-02
2.999999999999999889e-01 -4.120000000000000051e-02 1.000000000000000000e+05 2.750000000000000000e+00 5.877000000000000002e-01 1.565000000000000072e-02
4.000000000000000222e-01 -3.799999999999999906e-02 1.000000000000000000e+05 2.750000000000000000e+00 5.877000000000000002e-01 1.565000000000000072e-02
5.000000000000000000e-01 -3.339999999999999913e-02 1.000000000000000000e+05 2.750000000000000000e+00 5.877000000000000002e-01 1.565000000000000072e-02
5.999999999999999778e-01 -2.759999999999999953e-02 1.000000000000000000e+05 2.750000000000000000e+00 5.877000000000000002e-01 1.565000000000000072e-02
6.999999999999999556e-01 -2.139999999999999888e-02 1.000000000000000000e+05 2.750000000000000000e+00 5.877000000000000002e-01 1.565000000000000072e-02
8.000000000000000444e-01 -1.499999999999999944e-02 1.000000000000000000e+05 2.750000000000000000e+00 5.877000000000000002e-01 1.565000000000000072e-02
9.000000000000000222e-01 -8.200000000000000691e-03 1.000000000000000000e+05 2.750000000000000000e+00 5.877000000000000002e-01 1.565000000000000072e-02
9.499999999999999556e-01 -4.799999999999999580e-03 1.000000000000000000e+05 2.750000000000000000e+00 5.877000000000000002e-01 1.565000000000000072e-02
1.000000000000000000e+00 -1.299999999999999940e-03 1.000000000000000000e+05 2.750000000000000000e+00 5.877000000000000002e-01 1.565000000000000072e-02
