1.000000000000000000e+00 0.000000000000000000e+00 1.000000000000000000e+05 1.500000000000000000e+01 1.395999999999999908e+00 5.324999999999999872e-02
9.989299999999999846e-01 3.899999999999999929e-04 1.000000000000000000e+05 1.500000000000000000e+01 1.395999999999999908e+00 5.324999999999999872e-02
9.957200000000000495e-01 1.559999999999999972e-03 1.000000000000000000e+05 1.500000000000000000e+01 1.395999999999999908e+00 5.324999999999999872e-02
9.903899999999999926e-01 3.490000000000000047e-03 1.000000000000000000e+05 1.500000000000000000e+01 1.395999999999999908e+00 5.324999999999999872e-02
9.829599999999999449e-01 6.100000000000000387e-03 1.000000000000000000e+05 1.500000000000000000e+01 1.395999999999999908e+00 5.324999999999999872e-02
9.734699999999999465e-01 9.320000000000000159e-03 1.000000000000000000e+05 1.500000000000000000e+01 1.395999999999999908e+00 5.324999999999999872e-02
9.619400000000000173e-01 1.302999999999999992e-02 1.000000000000000000e+05 1.500000000000000000e+01 1.395999999999999908e+00 5.324999999999999872e-02
9.484399999999999498e-01 1.716000000000000164e-02 1.000000000000000000e+05 1.500000000000000000e+01 1.395999999999999908e+00 5.324999999999999872e-02
9.330100000000000060e-01 2.165999999999999870e-02 1.000000000000000000e+05 1.500000000000000000e+01 1.395999999999999908e+00 5.324999999999999872e-02
9.157300000000000439e-01 2.651999999999999844e-02 1.000000000000000000e+05 1.500000000000000000e+01 1.395999999999999908e+00 5.324999999999999872e-02
8.966800000000000326e-01 3.171000000000000207e-02 1.000000000000000000e+05 1.500000000000000000e+01 1.395999999999999908e+00 5.324999999999999872e-02
8.759200000000000319e-01 3.717000000000000165e-02 1.000000000000000000e+05 1.500000000000000000e+01 1.395999999999999908e+00 5.324999999999999872e-02
8.535500000000000309e-01 4.283000000000000002e-02 1.000000000000000000e+05 1.500000000000000000e+01 1.395999999999999908e+00 5.324999999999999872e-02
8.296700000000000186e-01 4.862999999999999962e-02 1.000000000000000000e+05 1.500000000000000000e+01 1.395999999999999908e+00 5.324999999999999872e-02
8.043799999999999839e-01 5.453000000000000208e-02 1.000000000000000000e+05 1.500000000000000000e+01 1.395999999999999908e+00 5.324999999999999872e-02
7.777899999999999814e-01 6.047999999999999904e-02 1.000000000000000000e+05 1.500000000000000000e+01 1.395999999999999908e+00 5.324999999999999872e-02
7.500000000000000000e-01 6.642000000000000681e-02 1.000000000000000000e+05 1.500000000000000000e+01 1.395999999999999908e+00 5.324999999999999872e-02
7.211400000000000032e-01 7.227000000000000091e-02 1.000000000000000000e+05 1.500000000000000000e+01 1.395999999999999908e+00 5.324999999999999872e-02
6.913399999999999546e-01 7.795000000000000540e-02 1.000000000000000000e+05 1.500000000000000000e+01 1.395999999999999908e+00 5.324999999999999872e-02
6.607199999999999740e-01 8.340999999999999803e-02 1.000000000000000000e+05 1.500000000000000000e+01 1.395999999999999908e+00 5.324999999999999872e-02
6.294100000000000250e-01 8.858000000000000596e-02 1.000000000000000000e+05 1.500000000000000000e+01 1.395999999999999908e+00 5.324999999999999872e-02
5.975500000000000256e-01 9.341000000000000691e-02 1.000000000000000000e+05 1.500000000000000000e+01 1.395999999999999908e+00 5.324999999999999872e-02
5.652599999999999847e-01 9.785000000000000642e-02 1.000000000000000000e+05 1.500000000000000000e+01 1.395999999999999908e+00 5.324999999999999872e-02
5.326999999999999513e-01 1.018499999999999961e-01 1.000000000000000000e+05 1.500000000000000000e+01 1.395999999999999908e+00 5.324999999999999872e-02
5.000000000000000000e-01 1.053800000000000014e-01 1.000000000000000000e+05 1.500000000000000000e+01 1.395999999999999908e+00 5.324999999999999872e-02
4.672999999999999932e-01 1.083699999999999941e-01 1.000000000000000000e+05 1.500000000000000000e+01 1.395999999999999908e+00 5.324999999999999872e-02
4.347400000000000153e-01 1.107599999999999973e-01 1.000000000000000000e+05 1.500000000000000000e+01 1.395999999999999908e+00 5.324999999999999872e-02
4.024499999999999744e-01 1.124799999999999967e-01 1.000000000000000000e+05 1.500000000000000000e+01 1.395999999999999908e+00 5.324999999999999872e-02
3.705899999999999750e-01 1.134499999999999953e-01 1.000000000000000000e+05 1.500000000000000000e+01 1.395999999999999908e+00 5.324999999999999872e-02
3.392800000000000260e-01 1.136100000000000027e-01 1.000000000000000000e+05 1.500000000000000000e+01 1.395999999999999908e+00 5.324999999999999872e-02
3.086599999999999899e-01 1.129399999999999987e-01 1.000000000000000000e+05 1.500000000000000000e+01 1.395999999999999908e+00 5.324999999999999872e-02
2.788599999999999968e-01 1.114099999999999951e-01 1.000000000000000000e+05 1.500000000000000000e+01 1.395999999999999908e+00 5.324999999999999872e-02
2.500000000000000000e-01 1.090300000000000019e-01 1.000000000000000000e+05 1.500000000000000000e+01 1.395999999999999908e+00 5.324999999999999872e-02
2.222099999999999909e-01 1.058400000000000035e-01 1.000000000000000000e+05 1.500000000000000000e+01 1.395999999999999908e+00 5.324999999999999872e-02
1.956199999999999883e-01 1.019000000000000045e-01 1.000000000000000000e+05 1.500000000000000000e+01 1.395999999999999908e+00 5.324999999999999872e-02
1.703300000000000092e-01 9.725999999999999923e-02 1.000000000000000000e+05 1.500000000000000000e+01 1.395999999999999908e+00 5.324999999999999872e-02
1.464499999999999968e-01 9.195000000000000395e-02 1.000000000000000000e+05 1.500000000000000000e+01 1.395999999999999908e+00 5.324999999999999872e-02
1.240799999999999959e-01 8.606999999999999373e-02 1.000000000000000000e+05 1.500000000000000000e+01 1.395999999999999908e+00 5.324999999999999872e-02
1.033199999999999952e-01 7.969999999999999307e-02 1.000000000000000000e+05 1.500000000000000000e+01 1.395999999999999908e+00 5.324999999999999872e-02
8.426999999999999769e-02 7.283000000000000584e-02 1.000000000000000000e+05 1.500000000000000000e+01 1.395999999999999908e+00 5.324999999999999872e-02
6.698999999999999400e-02 6.540999999999999592e-02 1.000000000000000000e+05 1.500000000000000000e+01 1.395999999999999908e+00 5.324999999999999872e-02
5.156000000000000166e-02 5.752999999999999781e-02 1.000000000000000000e+05 1.500000000000000000e+01 1.395999999999999908e+00 5.324999999999999872e-02
3.805999999999999661e-02 4.936999999999999722e-02 1.000000000000000000e+05 1.500000000000000000e+01 1.395999999999999908e+00 5.324999999999999872e-02
2.653000000000000150e-02 4.118000000000000133e-02 1.000000000000000000e+05 1.500000000000000000e+01 1.395999999999999908e+00 5.324999999999999872e-02
1.703999999999999959e-02 3.302999999999999686e-02 1.000000000000000000e+05 1.500000000000000000e+01 1.395999999999999908e+00 5.324999999999999872e-02
9.610000000000000486e-03 2.488999999999999893e-02 1.000000000000000000e+05 1.500000000000000000e+01 1.395999999999999908e+00 5.324999999999999872e-02
4.279999999999999950e-03 1.653999999999999915e-02 1.000000000000000000e+05 1.500000000000000000e+01 1.395999999999999908e+00 5.324999999999999872e-02
1.069999999999999988e-03 8.250000000000000389e-03 1.000000000000000000e+05 1.500000000000000000e+01 1.395999999999999908e+00 5.324999999999999872e-02
0.000000000000000000e+00 7.500000000000000156e-04 1.000000000000000000e+05 1.500000000000000000e+01 1.395999999999999908e+00 5.324999999999999872e-02
1.069999999999999988e-03 -5.660000000000000100e-03 1.000000000000000000e+05 1.500000000000000000e+01 1.395999999999999908e+00 5.324999999999999872e-02
4.279999999999999950e-03 -1.102000000000000028e-02 1.000000000000000000e+05 1.500000000000000000e+01 1.395999999999999908e+00 5.324999999999999872e-02
9.610000000000000486e-03 -1.590000000000000094e-02 1.000000000000000000e+05 1.500000000000000000e+01 1.395999999999999908e+00 5.324999999999999872e-02
1.703999999999999959e-02 -2.060999999999999985e-02 1.000000000000000000e+05 1.500000000000000000e+01 1.395999999999999908e+00 5.324999999999999872e-02
2.653000000000000150e-02 -2.502000000000000057e-02 1.000000000000000000e+05 1.500000000000000000e+01 1.395999999999999908e+00 5.324999999999999872e-02
3.805999999999999661e-02 -2.914999999999999883e-02 1.000000000000000000e+05 1.500000000000000000e+01 1.395999999999999908e+00 5.324999999999999872e-02
5.156000000000000166e-02 -3.280999999999999889e-02 1.000000000000000000e+05 1.500000000000000000e+01 1.395999999999999908e+00 5.324999999999999872e-02
6.698999999999999400e-02 -3.581999999999999768e-02 1.000000000000000000e+05 1.500000000000000000e+01 1.395999999999999908e+00 5.324999999999999872e-02
8.426999999999999769e-02 -3.817000000000000254e-02 1.000000000000000000e+05 1.500000000000000000e+01 1.395999999999999908e+00 5.324999999999999872e-02
1.033199999999999952e-01 -3.991000000000000103e-02 1.000000000000000000e+05 1.500000000000000000e+01 1.395999999999999908e+00 5.324999999999999872e-02
1.240799999999999959e-01 -4.105999999999999928e-02 1.000000000000000000e+05 1.500000000000000000e+01 1.395999999999999908e+00 5.324999999999999872e-02
1.464499999999999968e-01 -4.166000000000000258e-02 1.000000000000000000e+05 1.500000000000000000e+01 1.395999999999999908e+00 5.324999999999999872e-02
1.703300000000000092e-01 -4.177000000000000157e-02 1.000000000000000000e+05 1.500000000000000000e+01 1.395999999999999908e+00 5.324999999999999872e-02
1.956199999999999883e-01 -4.146999999999999992e-02 1.000000000000000000e+05 1.500000000000000000e+01 1.395999999999999908e+00 5.324999999999999872e-02
2.222099999999999909e-01 -4.077999999999999681e-02 1.000000000000000000e+05 1.500000000000000000e+01 1.395999999999999908e+00 5.324999999999999872e-02
2.500000000000000000e-01 -3.973999999999999755e-02 1.000000000000000000e+05 1.500000000000000000e+01 1.395999999999999908e+00 5.324999999999999872e-02
2.788599999999999968e-01 -3.844999999999999807e-02 1.000000000000000000e+05 1.500000000000000000e+01 1.395999999999999908e+00 5.324999999999999872e-02
3.086599999999999899e-01 -3.699999999999999817e-02 1.000000000000000000e+05 1.500000000000000000e+01 1.395999999999999908e+00 5.324999999999999872e-02
3.392800000000000260e-01 -3.547000000000000153e-02 1.000000000000000000e+05 1.500000000000000000e+01 1.395999999999999908e+00 5.324999999999999872e-02
3.705899999999999750e-01 -3.389999999999999958e-02 1.000000000000000000e+05 1.500000000000000000e+01 1.395999999999999908e+00 5.324999999999999872e-02
4.024499999999999744e-01 -3.228999999999999926e-02 1.000000000000000000e+05 1.500000000000000000e+01 1.395999999999999908e+00 5.324999999999999872e-02
4.347400000000000153e-01 -3.063000000000000098e-02 1.000000000000000000e+05 1.500000000000000000e+01 1.395999999999999908e+00 5.324999999999999872e-02
4.672999999999999932e-01 -2.891000000000000167e-02 1.000000000000000000e+05 1.500000000000000000e+01 1.395999999999999908e+00 5.324999999999999872e-02
5.000000000000000000e-01 -2.713000000000000134e-02 1.000000000000000000e+05 1.500000000000000000e+01 1.395999999999999908e+00 5.324999999999999872e-02
5.326999999999999513e-01 -2.528999999999999998e-02 1.000000000000000000e+05 1.500000000000000000e+01 1.395999999999999908e+00 5.324999999999999872e-02
5.652599999999999847e-01 -2.340000000000000066e-02 1.000000000000000000e+05 1.500000000000000000e+01 1.395999999999999908e+00 5.324999999999999872e-02
5.975500000000000256e-01 -2.148999999999999869e-02 1.000000000000000000e+05 1.500000000000000000e+01 1.395999999999999908e+00 5.324999999999999872e-02
6.294100000000000250e-01 -1.958000000000000018e-02 1.000000000000000000e+05 1.500000000000000000e+01 1.395999999999999908e+00 5.324999999999999872e-02
6.607199999999999740e-01 -1.771999999999999964e-02 1.000000000000000000e+05 1.500000000000000000e+01 1.395999999999999908e+00 5.324999999999999872e-02
6.913399999999999546e-01 -1.595999999999999849e-02 1.000000000000000000e+05 1.500000000000000000e+01 1.395999999999999908e+00 5.324999999999999872e-02
7.211400000000000032e-01 -1.430000000000000021e-02 1.000000000000000000e+05 1.500000000000000000e+01 1.395999999999999908e+00 5.324999999999999872e-02
7.500000000000000000e-01 -1.277000000000000010e-02 1.000000000000000000e+05 1.500000000000000000e+01 1.395999999999999908e+00 5.324999999999999872e-02
7.777899999999999814e-01 -1.136000000000000031e-02 1.000000000000000000e+05 1.500000000000000000e+01 1.395999999999999908e+00 5.324999999999999872e-02
8.043799999999999839e-01 -1.005999999999999950e-02 1.000000000000000000e+05 1.500000000000000000e+01 1.395999999999999908e+00 5.324999999999999872e-02
8.296700000000000186e-01 -8.859999999999999820e-03 1.000000000000000000e+05 1.500000000000000000e+01 1.395999999999999908e+00 5.324999999999999872e-02
8.535500000000000309e-01 -7.749999999999999944e-03 1.000000000000000000e+05 1.500000000000000000e+01 1.395999999999999908e+00 5.324999999999999872e-02
8.759200000000000319e-01 -6.740000000000000331e-03 1.000000000000000000e+05 1.500000000000000000e+01 1.395999999999999908e+00 5.324999999999999872e-02
8.966800000000000326e-01 -5.830000000000000113e-03 1.000000000000000000e+05 1.500000000000000000e+01 1.395999999999999908e+00 5.324999999999999872e-02
9.157300000000000439e-01 -5.020000000000000157e-03 1.000000000000000000e+05 1.500000000000000000e+01 1.395999999999999908e+00 5.324999999999999872e-02
9.330100000000000060e-01 -4.309999999999999595e-03 1.000000000000000000e+05 1.500000000000000000e+01 1.395999999999999908e+00 5.324999999999999872e-02
9.484399999999999498e-01 -3.640000000000000006e-03 1.000000000000000000e+05 1.500000000000000000e+01 1.395999999999999908e+00 5.324999999999999872e-02
9.619400000000000173e-01 -2.969999999999999984e-03 1.000000000000000000e+05 1.500000000000000000e+01 1.395999999999999908e+00 5.324999999999999872e-02
9.734699999999999465e-01 -2.269999999999999882e-03 1.000000000000000000e+05 1.500000000000000000e+01 1.395999999999999908e+00 5.324999999999999872e-02
9.829599999999999449e-01 -1.559999999999999972e-03 1.000000000000000000e+05 1.500000000000000000e+01 1.395999999999999908e+00 5.324999999999999872e-02
9.903899999999999926e-01 -9.200000000000000278e-04 1.000000000000000000e+05 1.500000000000000000e+01 1.395999999999999908e+00 5.324999999999999872e-02
9.957200000000000495e-01 -4.200000000000000174e-04 1.000000000000000000e+05 1.500000000000000000e+01 1.395999999999999908e+00 5.324999999999999872e-02
9.989299999999999846e-01 -1.100000000000000039e-04 1.000000000000000000e+05 1.500000000000000000e+01 1.395999999999999908e+00 5.324999999999999872e-02
1.000000000000000000e+00 0.000000000000000000e+00 1.000000000000000000e+05 1.500000000000000000e+01 1.395999999999999908e+00 5.324999999999999872e-02
