1.000000000000000000e+00 1.260000048205256462e-03 5.000000000000000000e+05 4.000000000000000000e+00 5.629328489303588867e-01 1.157431304454803467e-02
9.502500295639038086e-01 9.659999981522560120e-03 5.000000000000000000e+05 4.000000000000000000e+00 5.629328489303588867e-01 1.157431304454803467e-02
9.003999829292297363e-01 1.752999983727931976e-02 5.000000000000000000e+05 4.000000000000000000e+00 5.629328489303588867e-01 1.157431304454803467e-02
8.005800247192382812e-01 3.178000077605247498e-02 5.000000000000000000e+05 4.000000000000000000e+00 5.629328489303588867e-01 1.157431304454803467e-02
7.006099820137023926e-01 4.413000121712684631e-02 5.000000000000000000e+05 4.000000000000000000e+00 5.629328489303588867e-01 1.157431304454803467e-02
6.005100011825561523e-01 5.452999845147132874e-02 5.000000000000000000e+05 4.000000000000000000e+00 5.629328489303588867e-01 1.157431304454803467e-02
5.002899765968322754e-01 6.266999989748001099e-02 5.000000000000000000e+05 4.000000000000000000e+00 5.629328489303588867e-01 1.157431304454803467e-02
4.000000059604644775e-01 6.802999973297119141e-02 5.000000000000000000e+05 4.000000000000000000e+00 5.629328489303588867e-01 1.157431304454803467e-02
2.992500066757202148e-01 6.939999759197235107e-02 5.000000000000000000e+05 4.000000000000000000e+00 5.629328489303588867e-01 1.157431304454803467e-02
2.488899976015090942e-01 6.798999756574630737e-02 5.000000000000000000e+05 4.000000000000000000e+00 5.629328489303588867e-01 1.157431304454803467e-02
1.985699981451034546e-01 6.486000120639801025e-02 5.000000000000000000e+05 4.000000000000000000e+00 5.629328489303588867e-01 1.157431304454803467e-02
1.483300030231475830e-01 5.951000005006790161e-02 5.000000000000000000e+05 4.000000000000000000e+00 5.629328489303588867e-01 1.157431304454803467e-02
9.824000298976898193e-02 5.118000134825706482e-02 5.000000000000000000e+05 4.000000000000000000e+00 5.629328489303588867e-01 1.157431304454803467e-02
7.329999655485153198e-02 4.537000134587287903e-02 5.000000000000000000e+05 4.000000000000000000e+00 5.629328489303588867e-01 1.157431304454803467e-02
4.845000058412551880e-02 3.785999864339828491e-02 5.000000000000000000e+05 4.000000000000000000e+00 5.629328489303588867e-01 1.157431304454803467e-02
2.377999946475028992e-02 2.732999995350837708e-02 5.000000000000000000e+05 4.000000000000000000e+00 5.629328489303588867e-01 1.157431304454803467e-02
1.157999970018863678e-02 1.954000070691108704e-02 5.000000000000000000e+05 4.000000000000000000e+00 5.629328489303588867e-01 1.157431304454803467e-02
0.000000000000000000e+00 0.000000000000000000e+00 5.000000000000000000e+05 4.000000000000000000e+00 5.629328489303588867e-01 1.157431304454803467e-02
1.341999974101781845e-02 -1.830000057816505432e-02 5.000000000000000000e+05 4.000000000000000000e+00 5.629328489303588867e-01 1.157431304454803467e-02
2.621999941766262054e-02 -2.490999922156333923e-02 5.000000000000000000e+05 4.000000000000000000e+00 5.629328489303588867e-01 1.157431304454803467e-02
5.155000090599060059e-02 -3.317999839782714844e-02 5.000000000000000000e+05 4.000000000000000000e+00 5.629328489303588867e-01 1.157431304454803467e-02
7.670000195503234863e-02 -3.857000172138214111e-02 5.000000000000000000e+05 4.000000000000000000e+00 5.629328489303588867e-01 1.157431304454803467e-02
1.017599999904632568e-01 -4.241999983787536621e-02 5.000000000000000000e+05 4.000000000000000000e+00 5.629328489303588867e-01 1.157431304454803467e-02
1.516699939966201782e-01 -4.732999950647354126e-02 5.000000000000000000e+05 4.000000000000000000e+00 5.629328489303588867e-01 1.157431304454803467e-02
2.014299929141998291e-01 -4.986000061035156250e-02 5.000000000000000000e+05 4.000000000000000000e+00 5.629328489303588867e-01 1.157431304454803467e-02
2.511099874973297119e-01 -5.081000179052352905e-02 5.000000000000000000e+05 4.000000000000000000e+00 5.629328489303588867e-01 1.157431304454803467e-02
3.007499873638153076e-01 -5.063999816775321960e-02 5.000000000000000000e+05 4.000000000000000000e+00 5.629328489303588867e-01 1.157431304454803467e-02
4.000000059604644775e-01 -4.803000018000602722e-02 5.000000000000000000e+05 4.000000000000000000e+00 5.629328489303588867e-01 1.157431304454803467e-02
4.997099936008453369e-01 -4.320999979972839355e-02 5.000000000000000000e+05 4.000000000000000000e+00 5.629328489303588867e-01 1.157431304454803467e-02
5.994899868965148926e-01 -3.674999997019767761e-02 5.000000000000000000e+05 4.000000000000000000e+00 5.629328489303588867e-01 1.157431304454803467e-02
6.993899941444396973e-01 -2.913000062108039856e-02 5.000000000000000000e+05 4.000000000000000000e+00 5.629328489303588867e-01 1.157431304454803467e-02
7.994199991226196289e-01 -2.065999992191791534e-02 5.000000000000000000e+05 4.000000000000000000e+00 5.629328489303588867e-01 1.157431304454803467e-02
8.996000289916992188e-01 -1.140999980270862579e-02 5.000000000000000000e+05 4.000000000000000000e+00 5.629328489303588867e-01 1.157431304454803467e-02
9.497500061988830566e-01 -6.459999829530715942e-03 5.000000000000000000e+05 4.000000000000000000e+00 5.629328489303588867e-01 1.157431304454803467e-02
1.000000000000000000e+00 -1.260000048205256462e-03 5.000000000000000000e+05 4.000000000000000000e+00 5.629328489303588867e-01 1.157431304454803467e-02
0.000000000000000000e+00 0.000000000000000000e+00 5.000000000000000000e+05 4.000000000000000000e+00 5.629328489303588867e-01 1.157431304454803467e-02
0.000000000000000000e+00 0.000000000000000000e+00 5.000000000000000000e+05 4.000000000000000000e+00 5.629328489303588867e-01 1.157431304454803467e-02
0.000000000000000000e+00 0.000000000000000000e+00 5.000000000000000000e+05 4.000000000000000000e+00 5.629328489303588867e-01 1.157431304454803467e-02
0.000000000000000000e+00 0.000000000000000000e+00 5.000000000000000000e+05 4.000000000000000000e+00 5.629328489303588867e-01 1.157431304454803467e-02
0.000000000000000000e+00 0.000000000000000000e+00 5.000000000000000000e+05 4.000000000000000000e+00 5.629328489303588867e-01 1.157431304454803467e-02
0.000000000000000000e+00 0.000000000000000000e+00 5.000000000000000000e+05 4.000000000000000000e+00 5.629328489303588867e-01 1.157431304454803467e-02
0.000000000000000000e+00 0.000000000000000000e+00 5.000000000000000000e+05 4.000000000000000000e+00 5.629328489303588867e-01 1.157431304454803467e-02
0.000000000000000000e+00 0.000000000000000000e+00 5.000000000000000000e+05 4.000000000000000000e+00 5.629328489303588867e-01 1.157431304454803467e-02
0.000000000000000000e+00 0.000000000000000000e+00 5.000000000000000000e+05 4.000000000000000000e+00 5.629328489303588867e-01 1.157431304454803467e-02
0.000000000000000000e+00 0.000000000000000000e+00 5.000000000000000000e+05 4.000000000000000000e+00 5.629328489303588867e-01 1.157431304454803467e-02
0.000000000000000000e+00 0.000000000000000000e+00 5.000000000000000000e+05 4.000000000000000000e+00 5.629328489303588867e-01 1.157431304454803467e-02
0.000000000000000000e+00 0.000000000000000000e+00 5.000000000000000000e+05 4.000000000000000000e+00 5.629328489303588867e-01 1.157431304454803467e-02
0.000000000000000000e+00 0.000000000000000000e+00 5.000000000000000000e+05 4.000000000000000000e+00 5.629328489303588867e-01 1.157431304454803467e-02
0.000000000000000000e+00 0.000000000000000000e+00 5.000000000000000000e+05 4.000000000000000000e+00 5.629328489303588867e-01 1.157431304454803467e-02
0.000000000000000000e+00 0.000000000000000000e+00 5.000000000000000000e+05 4.000000000000000000e+00 5.629328489303588867e-01 1.157431304454803467e-02
0.000000000000000000e+00 0.000000000000000000e+00 5.000000000000000000e+05 4.000000000000000000e+00 5.629328489303588867e-01 1.157431304454803467e-02
0.000000000000000000e+00 0.000000000000000000e+00 5.000000000000000000e+05 4.000000000000000000e+00 5.629328489303588867e-01 1.157431304454803467e-02
0.000000000000000000e+00 0.000000000000000000e+00 5.000000000000000000e+05 4.000000000000000000e+00 5.629328489303588867e-01 1.157431304454803467e-02
0.000000000000000000e+00 0.000000000000000000e+00 5.000000000000000000e+05 4.000000000000000000e+00 5.629328489303588867e-01 1.157431304454803467e-02
0.000000000000000000e+00 0.000000000000000000e+00 5.000000000000000000e+05 4.000000000000000000e+00 5.629328489303588867e-01 1.157431304454803467e-02
0.000000000000000000e+00 0.000000000000000000e+00 5.000000000000000000e+05 4.000000000000000000e+00 5.629328489303588867e-01 1.157431304454803467e-02
0.000000000000000000e+00 0.000000000000000000e+00 5.000000000000000000e+05 4.000000000000000000e+00 5.629328489303588867e-01 1.157431304454803467e-02
0.000000000000000000e+00 0.000000000000000000e+00 5.000000000000000000e+05 4.000000000000000000e+00 5.629328489303588867e-01 1.157431304454803467e-02
0.000000000000000000e+00 0.000000000000000000e+00 5.000000000000000000e+05 4.000000000000000000e+00 5.629328489303588867e-01 1.157431304454803467e-02
0.000000000000000000e+00 0.000000000000000000e+00 5.000000000000000000e+05 4.000000000000000000e+00 5.629328489303588867e-01 1.157431304454803467e-02
0.000000000000000000e+00 0.000000000000000000e+00 5.000000000000000000e+05 4.000000000000000000e+00 5.629328489303588867e-01 1.157431304454803467e-02
0.000000000000000000e+00 0.000000000000000000e+00 5.000000000000000000e+05 4.000000000000000000e+00 5.629328489303588867e-01 1.157431304454803467e-02
0.000000000000000000e+00 0.000000000000000000e+00 5.000000000000000000e+05 4.000000000000000000e+00 5.629328489303588867e-01 1.157431304454803467e-02
0.000000000000000000e+00 0.000000000000000000e+00 5.000000000000000000e+05 4.000000000000000000e+00 5.629328489303588867e-01 1.157431304454803467e-02
0.000000000000000000e+00 0.000000000000000000e+00 5.000000000000000000e+05 4.000000000000000000e+00 5.629328489303588867e-01 1.157431304454803467e-02
0.000000000000000000e+00 0.000000000000000000e+00 5.000000000000000000e+05 4.000000000000000000e+00 5.629328489303588867e-01 1.157431304454803467e-02
0.000000000000000000e+00 0.000000000000000000e+00 5.000000000000000000e+05 4.000000000000000000e+00 5.629328489303588867e-01 1.157431304454803467e-02
0.000000000000000000e+00 0.000000000000000000e+00 5.000000000000000000e+05 4.000000000000000000e+00 5.629328489303588867e-01 1.157431304454803467e-02
0.000000000000000000e+00 0.000000000000000000e+00 5.000000000000000000e+05 4.000000000000000000e+00 5.629328489303588867e-01 1.157431304454803467e-02
