1.000000000000000000e+00 1.569999999999999998e-03 1.000000000000000000e+05 1.075000000000000000e+01 1.195599999999999996e+00 3.250000000000000111e-02
9.973999999999999533e-01 2.230000000000000211e-03 1.000000000000000000e+05 1.075000000000000000e+01 1.195599999999999996e+00 3.250000000000000111e-02
9.892999999999999572e-01 4.190000000000000148e-03 1.000000000000000000e+05 1.075000000000000000e+01 1.195599999999999996e+00 3.250000000000000111e-02
9.758999999999999897e-01 7.389999999999999868e-03 1.000000000000000000e+05 1.075000000000000000e+01 1.195599999999999996e+00 3.250000000000000111e-02
9.573300000000000143e-01 1.171999999999999952e-02 1.000000000000000000e+05 1.075000000000000000e+01 1.195599999999999996e+00 3.250000000000000111e-02
9.337699999999999889e-01 1.704999999999999918e-02 1.000000000000000000e+05 1.075000000000000000e+01 1.195599999999999996e+00 3.250000000000000111e-02
9.054799999999999516e-01 2.323000000000000065e-02 1.000000000000000000e+05 1.075000000000000000e+01 1.195599999999999996e+00 3.250000000000000111e-02
8.727500000000000258e-01 3.005999999999999991e-02 1.000000000000000000e+05 1.075000000000000000e+01 1.195599999999999996e+00 3.250000000000000111e-02
8.359100000000000419e-01 3.737999999999999656e-02 1.000000000000000000e+05 1.075000000000000000e+01 1.195599999999999996e+00 3.250000000000000111e-02
7.953599999999999559e-01 4.497999999999999915e-02 1.000000000000000000e+05 1.075000000000000000e+01 1.195599999999999996e+00 3.250000000000000111e-02
7.515399999999999858e-01 5.267000000000000154e-02 1.000000000000000000e+05 1.075000000000000000e+01 1.195599999999999996e+00 3.250000000000000111e-02
7.048999999999999710e-01 6.024999999999999800e-02 1.000000000000000000e+05 1.075000000000000000e+01 1.195599999999999996e+00 3.250000000000000111e-02
6.559500000000000330e-01 6.753000000000000669e-02 1.000000000000000000e+05 1.075000000000000000e+01 1.195599999999999996e+00 3.250000000000000111e-02
6.052400000000000002e-01 7.431000000000000105e-02 1.000000000000000000e+05 1.075000000000000000e+01 1.195599999999999996e+00 3.250000000000000111e-02
5.533099999999999685e-01 8.039999999999999925e-02 1.000000000000000000e+05 1.075000000000000000e+01 1.195599999999999996e+00 3.250000000000000111e-02
5.007399999999999629e-01 8.562000000000000166e-02 1.000000000000000000e+05 1.075000000000000000e+01 1.195599999999999996e+00 3.250000000000000111e-02
4.481100000000000083e-01 8.977999999999999869e-02 1.000000000000000000e+05 1.075000000000000000e+01 1.195599999999999996e+00 3.250000000000000111e-02
3.959699999999999886e-01 9.271999999999999686e-02 1.000000000000000000e+05 1.075000000000000000e+01 1.195599999999999996e+00 3.250000000000000111e-02
3.444800000000000084e-01 9.408999999999999309e-02 1.000000000000000000e+05 1.075000000000000000e+01 1.195599999999999996e+00 3.250000000000000111e-02
2.946900000000000075e-01 9.365999999999999326e-02 1.000000000000000000e+05 1.075000000000000000e+01 1.195599999999999996e+00 3.250000000000000111e-02
2.472199999999999953e-01 9.139999999999999514e-02 1.000000000000000000e+05 1.075000000000000000e+01 1.195599999999999996e+00 3.250000000000000111e-02
2.026100000000000123e-01 8.735999999999999321e-02 1.000000000000000000e+05 1.075000000000000000e+01 1.195599999999999996e+00 3.250000000000000111e-02
1.614200000000000079e-01 8.162999999999999423e-02 1.000000000000000000e+05 1.075000000000000000e+01 1.195599999999999996e+00 3.250000000000000111e-02
1.241099999999999981e-01 7.438000000000000167e-02 1.000000000000000000e+05 1.075000000000000000e+01 1.195599999999999996e+00 3.250000000000000111e-02
9.112000000000000655e-02 6.579999999999999738e-02 1.000000000000000000e+05 1.075000000000000000e+01 1.195599999999999996e+00 3.250000000000000111e-02
6.282000000000000084e-02 5.614999999999999852e-02 1.000000000000000000e+05 1.075000000000000000e+01 1.195599999999999996e+00 3.250000000000000111e-02
3.951999999999999957e-02 4.565999999999999920e-02 1.000000000000000000e+05 1.075000000000000000e+01 1.195599999999999996e+00 3.250000000000000111e-02
2.145000000000000032e-02 3.459999999999999881e-02 1.000000000000000000e+05 1.075000000000000000e+01 1.195599999999999996e+00 3.250000000000000111e-02
8.779999999999999610e-03 2.318999999999999881e-02 1.000000000000000000e+05 1.075000000000000000e+01 1.195599999999999996e+00 3.250000000000000111e-02
1.610000000000000103e-03 1.161000000000000053e-02 1.000000000000000000e+05 1.075000000000000000e+01 1.195599999999999996e+00 3.250000000000000111e-02
0.000000000000000000e+00 0.000000000000000000e+00 1.000000000000000000e+05 1.075000000000000000e+01 1.195599999999999996e+00 3.250000000000000111e-02
3.870000000000000176e-03 -1.106000000000000039e-02 1.000000000000000000e+05 1.075000000000000000e+01 1.195599999999999996e+00 3.250000000000000111e-02
1.307999999999999961e-02 -2.103000000000000008e-02 1.000000000000000000e+05 1.075000000000000000e+01 1.195599999999999996e+00 3.250000000000000111e-02
2.750000000000000014e-02 -2.985000000000000153e-02 1.000000000000000000e+05 1.075000000000000000e+01 1.195599999999999996e+00 3.250000000000000111e-02
4.694000000000000256e-02 -3.747999999999999943e-02 1.000000000000000000e+05 1.075000000000000000e+01 1.195599999999999996e+00 3.250000000000000111e-02
7.115000000000000491e-02 -4.386999999999999927e-02 1.000000000000000000e+05 1.075000000000000000e+01 1.195599999999999996e+00 3.250000000000000111e-02
9.986000000000000432e-02 -4.898999999999999883e-02 1.000000000000000000e+05 1.075000000000000000e+01 1.195599999999999996e+00 3.250000000000000111e-02
1.327500000000000069e-01 -5.281999999999999890e-02 1.000000000000000000e+05 1.075000000000000000e+01 1.195599999999999996e+00 3.250000000000000111e-02
1.694499999999999895e-01 -5.539000000000000173e-02 1.000000000000000000e+05 1.075000000000000000e+01 1.195599999999999996e+00 3.250000000000000111e-02
2.096000000000000085e-01 -5.675999999999999795e-02 1.000000000000000000e+05 1.075000000000000000e+01 1.195599999999999996e+00 3.250000000000000111e-02
2.527800000000000047e-01 -5.702999999999999736e-02 1.000000000000000000e+05 1.075000000000000000e+01 1.195599999999999996e+00 3.250000000000000111e-02
2.985700000000000021e-01 -5.632999999999999813e-02 1.000000000000000000e+05 1.075000000000000000e+01 1.195599999999999996e+00 3.250000000000000111e-02
3.465099999999999847e-01 -5.482999999999999680e-02 1.000000000000000000e+05 1.075000000000000000e+01 1.195599999999999996e+00 3.250000000000000111e-02
3.961200000000000276e-01 -5.272000000000000297e-02 1.000000000000000000e+05 1.075000000000000000e+01 1.195599999999999996e+00 3.250000000000000111e-02
4.473699999999999899e-01 -5.002999999999999808e-02 1.000000000000000000e+05 1.075000000000000000e+01 1.195599999999999996e+00 3.250000000000000111e-02
4.992599999999999816e-01 -4.673000000000000070e-02 1.000000000000000000e+05 1.075000000000000000e+01 1.195599999999999996e+00 3.250000000000000111e-02
5.512200000000000433e-01 -4.297999999999999737e-02 1.000000000000000000e+05 1.075000000000000000e+01 1.195599999999999996e+00 3.250000000000000111e-02
6.026700000000000390e-01 -3.892999999999999933e-02 1.000000000000000000e+05 1.075000000000000000e+01 1.195599999999999996e+00 3.250000000000000111e-02
6.530599999999999739e-01 -3.472000000000000086e-02 1.000000000000000000e+05 1.075000000000000000e+01 1.195599999999999996e+00 3.250000000000000111e-02
7.018400000000000194e-01 -3.048000000000000015e-02 1.000000000000000000e+05 1.075000000000000000e+01 1.195599999999999996e+00 3.250000000000000111e-02
7.484600000000000142e-01 -2.628000000000000128e-02 1.000000000000000000e+05 1.075000000000000000e+01 1.195599999999999996e+00 3.250000000000000111e-02
7.924200000000000133e-01 -2.222000000000000017e-02 1.000000000000000000e+05 1.075000000000000000e+01 1.195599999999999996e+00 3.250000000000000111e-02
8.332199999999999607e-01 -1.836000000000000132e-02 1.000000000000000000e+05 1.075000000000000000e+01 1.195599999999999996e+00 3.250000000000000111e-02
8.703999999999999515e-01 -1.477000000000000014e-02 1.000000000000000000e+05 1.075000000000000000e+01 1.195599999999999996e+00 3.250000000000000111e-02
9.035400000000000098e-01 -1.150999999999999940e-02 1.000000000000000000e+05 1.075000000000000000e+01 1.195599999999999996e+00 3.250000000000000111e-02
9.322500000000000231e-01 -8.619999999999999191e-03 1.000000000000000000e+05 1.075000000000000000e+01 1.195599999999999996e+00 3.250000000000000111e-02
9.562199999999999589e-01 -6.159999999999999677e-03 1.000000000000000000e+05 1.075000000000000000e+01 1.195599999999999996e+00 3.250000000000000111e-02
9.751600000000000268e-01 -4.190000000000000148e-03 1.000000000000000000e+05 1.075000000000000000e+01 1.195599999999999996e+00 3.250000000000000111e-02
9.888500000000000068e-01 -2.749999999999999840e-03 1.000000000000000000e+05 1.075000000000000000e+01 1.195599999999999996e+00 3.250000000000000111e-02
9.971200000000000063e-01 -1.869999999999999917e-03 1.000000000000000000e+05 1.075000000000000000e+01 1.195599999999999996e+00 3.250000000000000111e-02
1.000000000000000000e+00 -1.569999999999999998e-03 1.000000000000000000e+05 1.075000000000000000e+01 1.195599999999999996e+00 3.250000000000000111e-02
