1.000000000000000000e+00 2.200000000000000133e-03 2.000000000000000000e+05 1.850000000000000000e+01 1.188099999999999934e+00 9.285999999999999810e-02
9.499999999999999556e-01 1.529999999999999936e-02 2.000000000000000000e+05 1.850000000000000000e+01 1.188099999999999934e+00 9.285999999999999810e-02
9.000000000000000222e-01 2.759999999999999953e-02 2.000000000000000000e+05 1.850000000000000000e+01 1.188099999999999934e+00 9.285999999999999810e-02
8.000000000000000444e-01 5.050000000000000322e-02 2.000000000000000000e+05 1.850000000000000000e+01 1.188099999999999934e+00 9.285999999999999810e-02
6.999999999999999556e-01 7.090000000000000469e-02 2.000000000000000000e+05 1.850000000000000000e+01 1.188099999999999934e+00 9.285999999999999810e-02
5.999999999999999778e-01 8.899999999999999578e-02 2.000000000000000000e+05 1.850000000000000000e+01 1.188099999999999934e+00 9.285999999999999810e-02
5.000000000000000000e-01 1.039999999999999952e-01 2.000000000000000000e+05 1.850000000000000000e+01 1.188099999999999934e+00 9.285999999999999810e-02
4.000000000000000222e-01 1.149000000000000021e-01 2.000000000000000000e+05 1.850000000000000000e+01 1.188099999999999934e+00 9.285999999999999810e-02
2.999999999999999889e-01 1.205999999999999989e-01 2.000000000000000000e+05 1.850000000000000000e+01 1.188099999999999934e+00 9.285999999999999810e-02
2.500000000000000000e-01 1.204999999999999960e-01 2.000000000000000000e+05 1.850000000000000000e+01 1.188099999999999934e+00 9.285999999999999810e-02
2.000000000000000111e-01 1.179999999999999938e-01 2.000000000000000000e+05 1.850000000000000000e+01 1.188099999999999934e+00 9.285999999999999810e-02
1.499999999999999944e-01 1.118999999999999995e-01 2.000000000000000000e+05 1.850000000000000000e+01 1.188099999999999934e+00 9.285999999999999810e-02
1.000000000000000056e-01 1.003000000000000003e-01 2.000000000000000000e+05 1.850000000000000000e+01 1.188099999999999934e+00 9.285999999999999810e-02
7.499999999999999722e-02 9.130000000000000615e-02 2.000000000000000000e+05 1.850000000000000000e+01 1.188099999999999934e+00 9.285999999999999810e-02
5.000000000000000278e-02 7.929999999999999549e-02 2.000000000000000000e+05 1.850000000000000000e+01 1.188099999999999934e+00 9.285999999999999810e-02
2.500000000000000139e-02 6.410000000000000420e-02 2.000000000000000000e+05 1.850000000000000000e+01 1.188099999999999934e+00 9.285999999999999810e-02
1.250000000000000069e-02 4.870000000000000023e-02 2.000000000000000000e+05 1.850000000000000000e+01 1.188099999999999934e+00 9.285999999999999810e-02
0.000000000000000000e+00 0.000000000000000000e+00 2.000000000000000000e+05 1.850000000000000000e+01 1.188099999999999934e+00 9.285999999999999810e-02
1.250000000000000069e-02 -2.079999999999999905e-02 2.000000000000000000e+05 1.850000000000000000e+01 1.188099999999999934e+00 9.285999999999999810e-02
2.500000000000000139e-02 -3.139999999999999736e-02 2.000000000000000000e+05 1.850000000000000000e+01 1.188099999999999934e+00 9.285999999999999810e-02
5.000000000000000278e-02 -4.519999999999999712e-02 2.000000000000000000e+05 1.850000000000000000e+01 1.188099999999999934e+00 9.285999999999999810e-02
7.499999999999999722e-02 -5.550000000000000072e-02 2.000000000000000000e+05 1.850000000000000000e+01 1.188099999999999934e+00 9.285999999999999810e-02
1.000000000000000056e-01 -6.320000000000000617e-02 2.000000000000000000e+05 1.850000000000000000e+01 1.188099999999999934e+00 9.285999999999999810e-02
1.499999999999999944e-01 -7.510000000000000009e-02 2.000000000000000000e+05 1.850000000000000000e+01 1.188099999999999934e+00 9.285999999999999810e-02
2.000000000000000111e-01 -8.300000000000000433e-02 2.000000000000000000e+05 1.850000000000000000e+01 1.188099999999999934e+00 9.285999999999999810e-02
2.500000000000000000e-01 -8.759999999999999731e-02 2.000000000000000000e+05 1.850000000000000000e+01 1.188099999999999934e+00 9.285999999999999810e-02
2.999999999999999889e-01 -8.949999999999999623e-02 2.000000000000000000e+05 1.850000000000000000e+01 1.188099999999999934e+00 9.285999999999999810e-02
4.000000000000000222e-01 -8.830000000000000349e-02 2.000000000000000000e+05 1.850000000000000000e+01 1.188099999999999934e+00 9.285999999999999810e-02
5.000000000000000000e-01 -8.140000000000000013e-02 2.000000000000000000e+05 1.850000000000000000e+01 1.188099999999999934e+00 9.285999999999999810e-02
5.999999999999999778e-01 -7.069999999999999896e-02 2.000000000000000000e+05 1.850000000000000000e+01 1.188099999999999934e+00 9.285999999999999810e-02
6.999999999999999556e-01 -5.720000000000000084e-02 2.000000000000000000e+05 1.850000000000000000e+01 1.188099999999999934e+00 9.285999999999999810e-02
8.000000000000000444e-01 -4.130000000000000338e-02 2.000000000000000000e+05 1.850000000000000000e+01 1.188099999999999934e+00 9.285999999999999810e-02
9.000000000000000222e-01 -2.299999999999999961e-02 2.000000000000000000e+05 1.850000000000000000e+01 1.188099999999999934e+00 9.285999999999999810e-02
9.499999999999999556e-01 -1.299999999999999940e-02 2.000000000000000000e+05 1.850000000000000000e+01 1.188099999999999934e+00 9.285999999999999810e-02
1.000000000000000000e+00 -2.200000000000000133e-03 2.000000000000000000e+05 1.850000000000000000e+01 1.188099999999999934e+00 9.285999999999999810e-02
