1.000000000000000000e+00 0.000000000000000000e+00 1.000000000000000000e+06 4.500000000000000000e+00 8.279999999999999583e-01 7.320000000000000118e-03
9.972999999999999643e-01 5.900000000000000296e-04 1.000000000000000000e+06 4.500000000000000000e+00 8.279999999999999583e-01 7.320000000000000118e-03
9.891799999999999482e-01 2.350000000000000092e-03 1.000000000000000000e+06 4.500000000000000000e+00 8.279999999999999583e-01 7.320000000000000118e-03
9.757799999999999807e-01 5.199999999999999761e-03 1.000000000000000000e+06 4.500000000000000000e+00 8.279999999999999583e-01 7.320000000000000118e-03
9.572000000000000508e-01 9.060000000000000345e-03 1.000000000000000000e+06 4.500000000000000000e+00 8.279999999999999583e-01 7.320000000000000118e-03
9.336499999999999799e-01 1.379999999999999977e-02 1.000000000000000000e+06 4.500000000000000000e+00 8.279999999999999583e-01 7.320000000000000118e-03
9.053499999999999881e-01 1.926999999999999894e-02 1.000000000000000000e+06 4.500000000000000000e+00 8.279999999999999583e-01 7.320000000000000118e-03
8.726000000000000423e-01 2.531999999999999876e-02 1.000000000000000000e+06 4.500000000000000000e+00 8.279999999999999583e-01 7.320000000000000118e-03
8.357700000000000129e-01 3.175000000000000044e-02 1.000000000000000000e+06 4.500000000000000000e+00 8.279999999999999583e-01 7.320000000000000118e-03
7.952000000000000179e-01 3.839000000000000051e-02 1.000000000000000000e+06 4.500000000000000000e+00 8.279999999999999583e-01 7.320000000000000118e-03
7.513800000000000479e-01 4.506000000000000283e-02 1.000000000000000000e+06 4.500000000000000000e+00 8.279999999999999583e-01 7.320000000000000118e-03
7.047499999999999876e-01 5.158000000000000085e-02 1.000000000000000000e+06 4.500000000000000000e+00 8.279999999999999583e-01 7.320000000000000118e-03
6.558300000000000241e-01 5.777000000000000191e-02 1.000000000000000000e+06 4.500000000000000000e+00 8.279999999999999583e-01 7.320000000000000118e-03
6.051299999999999457e-01 6.346999999999999864e-02 1.000000000000000000e+06 4.500000000000000000e+00 8.279999999999999583e-01 7.320000000000000118e-03
5.532200000000000450e-01 6.851999999999999758e-02 1.000000000000000000e+06 4.500000000000000000e+00 8.279999999999999583e-01 7.320000000000000118e-03
5.006699999999999484e-01 7.276000000000000523e-02 1.000000000000000000e+06 4.500000000000000000e+00 8.279999999999999583e-01 7.320000000000000118e-03
4.480700000000000238e-01 7.606000000000000261e-02 1.000000000000000000e+06 4.500000000000000000e+00 8.279999999999999583e-01 7.320000000000000118e-03
3.959699999999999886e-01 7.829999999999999460e-02 1.000000000000000000e+06 4.500000000000000000e+00 8.279999999999999583e-01 7.320000000000000118e-03
3.445500000000000229e-01 7.911999999999999589e-02 1.000000000000000000e+06 4.500000000000000000e+00 8.279999999999999583e-01 7.320000000000000118e-03
2.948500000000000010e-01 7.831000000000000461e-02 1.000000000000000000e+06 4.500000000000000000e+00 8.279999999999999583e-01 7.320000000000000118e-03
2.474500000000000033e-01 7.588000000000000300e-02 1.000000000000000000e+06 4.500000000000000000e+00 8.279999999999999583e-01 7.320000000000000118e-03
2.029199999999999893e-01 7.192999999999999394e-02 1.000000000000000000e+06 4.500000000000000000e+00 8.279999999999999583e-01 7.320000000000000118e-03
1.617500000000000049e-01 6.658999999999999642e-02 1.000000000000000000e+06 4.500000000000000000e+00 8.279999999999999583e-01 7.320000000000000118e-03
1.244799999999999934e-01 6.006000000000000227e-02 1.000000000000000000e+06 4.500000000000000000e+00 8.279999999999999583e-01 7.320000000000000118e-03
9.148000000000000576e-02 5.253000000000000030e-02 1.000000000000000000e+06 4.500000000000000000e+00 8.279999999999999583e-01 7.320000000000000118e-03
6.317000000000000393e-02 4.426999999999999685e-02 1.000000000000000000e+06 4.500000000000000000e+00 8.279999999999999583e-01 7.320000000000000118e-03
3.984999999999999654e-02 3.552999999999999908e-02 1.000000000000000000e+06 4.500000000000000000e+00 8.279999999999999583e-01 7.320000000000000118e-03
2.170000000000000054e-02 2.654000000000000109e-02 1.000000000000000000e+06 4.500000000000000000e+00 8.279999999999999583e-01 7.320000000000000118e-03
8.970000000000000542e-03 1.752000000000000085e-02 1.000000000000000000e+06 4.500000000000000000e+00 8.279999999999999583e-01 7.320000000000000118e-03
1.719999999999999958e-03 8.619999999999999191e-03 1.000000000000000000e+06 4.500000000000000000e+00 8.279999999999999583e-01 7.320000000000000118e-03
0.000000000000000000e+00 0.000000000000000000e+00 1.000000000000000000e+06 4.500000000000000000e+00 8.279999999999999583e-01 7.320000000000000118e-03
3.749999999999999861e-03 -7.939999999999999142e-03 1.000000000000000000e+06 4.500000000000000000e+00 8.279999999999999583e-01 7.320000000000000118e-03
1.290000000000000001e-02 -1.482999999999999943e-02 1.000000000000000000e+06 4.500000000000000000e+00 8.279999999999999583e-01 7.320000000000000118e-03
2.723000000000000073e-02 -2.060999999999999985e-02 1.000000000000000000e+06 4.500000000000000000e+00 8.279999999999999583e-01 7.320000000000000118e-03
4.662000000000000172e-02 -2.530999999999999917e-02 1.000000000000000000e+06 4.500000000000000000e+00 8.279999999999999583e-01 7.320000000000000118e-03
7.080000000000000182e-02 -2.893000000000000085e-02 1.000000000000000000e+06 4.500000000000000000e+00 8.279999999999999583e-01 7.320000000000000118e-03
9.947999999999999898e-02 -3.151000000000000328e-02 1.000000000000000000e+06 4.500000000000000000e+00 8.279999999999999583e-01 7.320000000000000118e-03
1.323799999999999977e-01 -3.309999999999999748e-02 1.000000000000000000e+06 4.500000000000000000e+00 8.279999999999999583e-01 7.320000000000000118e-03
1.691199999999999926e-01 -3.379000000000000059e-02 1.000000000000000000e+06 4.500000000000000000e+00 8.279999999999999583e-01 7.320000000000000118e-03
2.093200000000000061e-01 -3.368000000000000160e-02 1.000000000000000000e+06 4.500000000000000000e+00 8.279999999999999583e-01 7.320000000000000118e-03
2.525499999999999967e-01 -3.291000000000000175e-02 1.000000000000000000e+06 4.500000000000000000e+00 8.279999999999999583e-01 7.320000000000000118e-03
2.984200000000000186e-01 -3.164999999999999758e-02 1.000000000000000000e+06 4.500000000000000000e+00 8.279999999999999583e-01 7.320000000000000118e-03
3.464200000000000057e-01 -3.005000000000000032e-02 1.000000000000000000e+06 4.500000000000000000e+00 8.279999999999999583e-01 7.320000000000000118e-03
3.961200000000000276e-01 -2.829999999999999877e-02 1.000000000000000000e+06 4.500000000000000000e+00 8.279999999999999583e-01 7.320000000000000118e-03
4.474000000000000199e-01 -2.637000000000000108e-02 1.000000000000000000e+06 4.500000000000000000e+00 8.279999999999999583e-01 7.320000000000000118e-03
4.993299999999999961e-01 -2.415000000000000133e-02 1.000000000000000000e+06 4.500000000000000000e+00 8.279999999999999583e-01 7.320000000000000118e-03
5.513200000000000323e-01 -2.173999999999999891e-02 1.000000000000000000e+06 4.500000000000000000e+00 8.279999999999999583e-01 7.320000000000000118e-03
6.028000000000000025e-01 -1.924999999999999975e-02 1.000000000000000000e+06 4.500000000000000000e+00 8.279999999999999583e-01 7.320000000000000118e-03
6.532000000000000028e-01 -1.677000000000000018e-02 1.000000000000000000e+06 4.500000000000000000e+00 8.279999999999999583e-01 7.320000000000000118e-03
7.019800000000000484e-01 -1.435999999999999950e-02 1.000000000000000000e+06 4.500000000000000000e+00 8.279999999999999583e-01 7.320000000000000118e-03
7.486199999999999521e-01 -1.208000000000000046e-02 1.000000000000000000e+06 4.500000000000000000e+00 8.279999999999999583e-01 7.320000000000000118e-03
7.925699999999999967e-01 -9.939999999999999183e-03 1.000000000000000000e+06 4.500000000000000000e+00 8.279999999999999583e-01 7.320000000000000118e-03
8.333700000000000552e-01 -7.979999999999999247e-03 1.000000000000000000e+06 4.500000000000000000e+00 8.279999999999999583e-01 7.320000000000000118e-03
8.705300000000000260e-01 -6.210000000000000242e-03 1.000000000000000000e+06 4.500000000000000000e+00 8.279999999999999583e-01 7.320000000000000118e-03
9.036800000000000388e-01 -4.629999999999999567e-03 1.000000000000000000e+06 4.500000000000000000e+00 8.279999999999999583e-01 7.320000000000000118e-03
9.323799999999999866e-01 -3.259999999999999877e-03 1.000000000000000000e+06 4.500000000000000000e+00 8.279999999999999583e-01 7.320000000000000118e-03
9.563300000000000134e-01 -2.109999999999999896e-03 1.000000000000000000e+06 4.500000000000000000e+00 8.279999999999999583e-01 7.320000000000000118e-03
9.752800000000000358e-01 -1.199999999999999895e-03 1.000000000000000000e+06 4.500000000000000000e+00 8.279999999999999583e-01 7.320000000000000118e-03
9.889499999999999957e-01 -5.400000000000000069e-04 1.000000000000000000e+06 4.500000000000000000e+00 8.279999999999999583e-01 7.320000000000000118e-03
9.972299999999999498e-01 -1.299999999999999886e-04 1.000000000000000000e+06 4.500000000000000000e+00 8.279999999999999583e-01 7.320000000000000118e-03
1.000000000000000000e+00 0.000000000000000000e+00 1.000000000000000000e+06 4.500000000000000000e+00 8.279999999999999583e-01 7.320000000000000118e-03
