1.000000000000000000e+00 1.300000003539025784e-03 2.000000000000000000e+05 7.750000000000000000e+00 1.064988613128662109e+00 5.241362378001213074e-03
9.499999880790710449e-01 1.140000019222497940e-02 2.000000000000000000e+05 7.750000000000000000e+00 1.064988613128662109e+00 5.241362378001213074e-03
8.999999761581420898e-01 2.080000005662441254e-02 2.000000000000000000e+05 7.750000000000000000e+00 1.064988613128662109e+00 5.241362378001213074e-03
8.000000119209289551e-01 3.750000149011611938e-02 2.000000000000000000e+05 7.750000000000000000e+00 1.064988613128662109e+00 5.241362378001213074e-03
6.999999880790710449e-01 5.180000141263008118e-02 2.000000000000000000e+05 7.750000000000000000e+00 1.064988613128662109e+00 5.241362378001213074e-03
6.000000238418579102e-01 6.360000371932983398e-02 2.000000000000000000e+05 7.750000000000000000e+00 1.064988613128662109e+00 5.241362378001213074e-03
5.000000000000000000e-01 7.240000367164611816e-02 2.000000000000000000e+05 7.750000000000000000e+00 1.064988613128662109e+00 5.241362378001213074e-03
4.000000059604644775e-01 7.800000160932540894e-02 2.000000000000000000e+05 7.750000000000000000e+00 1.064988613128662109e+00 5.241362378001213074e-03
3.000000119209289551e-01 7.880000025033950806e-02 2.000000000000000000e+05 7.750000000000000000e+00 1.064988613128662109e+00 5.241362378001213074e-03
2.500000000000000000e-01 7.670000195503234863e-02 2.000000000000000000e+05 7.750000000000000000e+00 1.064988613128662109e+00 5.241362378001213074e-03
2.000000029802322388e-01 7.259999960660934448e-02 2.000000000000000000e+05 7.750000000000000000e+00 1.064988613128662109e+00 5.241362378001213074e-03
1.500000059604644775e-01 6.610000133514404297e-02 2.000000000000000000e+05 7.750000000000000000e+00 1.064988613128662109e+00 5.241362378001213074e-03
1.000000014901161194e-01 5.629999935626983643e-02 2.000000000000000000e+05 7.750000000000000000e+00 1.064988613128662109e+00 5.241362378001213074e-03
7.500000298023223877e-02 4.960000142455101013e-02 2.000000000000000000e+05 7.750000000000000000e+00 1.064988613128662109e+00 5.241362378001213074e-03
5.000000074505805969e-02 4.129999876022338867e-02 2.000000000000000000e+05 7.750000000000000000e+00 1.064988613128662109e+00 5.241362378001213074e-03
2.500000037252902985e-02 2.989999949932098389e-02 2.000000000000000000e+05 7.750000000000000000e+00 1.064988613128662109e+00 5.241362378001213074e-03
1.250000018626451492e-02 2.150000073015689850e-02 2.000000000000000000e+05 7.750000000000000000e+00 1.064988613128662109e+00 5.241362378001213074e-03
0.000000000000000000e+00 0.000000000000000000e+00 2.000000000000000000e+05 7.750000000000000000e+00 1.064988613128662109e+00 5.241362378001213074e-03
1.250000018626451492e-02 -1.649999991059303284e-02 2.000000000000000000e+05 7.750000000000000000e+00 1.064988613128662109e+00 5.241362378001213074e-03
2.500000037252902985e-02 -2.270000055432319641e-02 2.000000000000000000e+05 7.750000000000000000e+00 1.064988613128662109e+00 5.241362378001213074e-03
5.000000074505805969e-02 -3.009999915957450867e-02 2.000000000000000000e+05 7.750000000000000000e+00 1.064988613128662109e+00 5.241362378001213074e-03
7.500000298023223877e-02 -3.460000082850456238e-02 2.000000000000000000e+05 7.750000000000000000e+00 1.064988613128662109e+00 5.241362378001213074e-03
1.000000014901161194e-01 -3.750000149011611938e-02 2.000000000000000000e+05 7.750000000000000000e+00 1.064988613128662109e+00 5.241362378001213074e-03
1.500000059604644775e-01 -4.100000113248825073e-02 2.000000000000000000e+05 7.750000000000000000e+00 1.064988613128662109e+00 5.241362378001213074e-03
2.000000029802322388e-01 -4.230000078678131104e-02 2.000000000000000000e+05 7.750000000000000000e+00 1.064988613128662109e+00 5.241362378001213074e-03
2.500000000000000000e-01 -4.219999909400939941e-02 2.000000000000000000e+05 7.750000000000000000e+00 1.064988613128662109e+00 5.241362378001213074e-03
3.000000119209289551e-01 -4.120000079274177551e-02 2.000000000000000000e+05 7.750000000000000000e+00 1.064988613128662109e+00 5.241362378001213074e-03
4.000000059604644775e-01 -3.799999877810478210e-02 2.000000000000000000e+05 7.750000000000000000e+00 1.064988613128662109e+00 5.241362378001213074e-03
5.000000000000000000e-01 -3.339999914169311523e-02 2.000000000000000000e+05 7.750000000000000000e+00 1.064988613128662109e+00 5.241362378001213074e-03
6.000000238418579102e-01 -2.759999968111515045e-02 2.000000000000000000e+05 7.750000000000000000e+00 1.064988613128662109e+00 5.241362378001213074e-03
6.999999880790710449e-01 -2.140000090003013611e-02 2.000000000000000000e+05 7.750000000000000000e+00 1.064988613128662109e+00 5.241362378001213074e-03
8.000000119209289551e-01 -1.499999966472387314e-02 2.000000000000000000e+05 7.750000000000000000e+00 1.064988613128662109e+00 5.241362378001213074e-03
8.999999761581420898e-01 -8.200000040233135223e-03 2.000000000000000000e+05 7.750000000000000000e+00 1.064988613128662109e+00 5.241362378001213074e-03
9.499999880790710449e-01 -4.800000227987766266e-03 2.000000000000000000e+05 7.750000000000000000e+00 1.064988613128662109e+00 5.241362378001213074e-03
1.000000000000000000e+00 -1.300000003539025784e-03 2.000000000000000000e+05 7.750000000000000000e+00 1.064988613128662109e+00 5.241362378001213074e-03
0.000000000000000000e+00 0.000000000000000000e+00 2.000000000000000000e+05 7.750000000000000000e+00 1.064988613128662109e+00 5.241362378001213074e-03
0.000000000000000000e+00 0.000000000000000000e+00 2.000000000000000000e+05 7.750000000000000000e+00 1.064988613128662109e+00 5.241362378001213074e-03
0.000000000000000000e+00 0.000000000000000000e+00 2.000000000000000000e+05 7.750000000000000000e+00 1.064988613128662109e+00 5.241362378001213074e-03
0.000000000000000000e+00 0.000000000000000000e+00 2.000000000000000000e+05 7.750000000000000000e+00 1.064988613128662109e+00 5.241362378001213074e-03
0.000000000000000000e+00 0.000000000000000000e+00 2.000000000000000000e+05 7.750000000000000000e+00 1.064988613128662109e+00 5.241362378001213074e-03
0.000000000000000000e+00 0.000000000000000000e+00 2.000000000000000000e+05 7.750000000000000000e+00 1.064988613128662109e+00 5.241362378001213074e-03
0.000000000000000000e+00 0.000000000000000000e+00 2.000000000000000000e+05 7.750000000000000000e+00 1.064988613128662109e+00 5.241362378001213074e-03
0.000000000000000000e+00 0.000000000000000000e+00 2.000000000000000000e+05 7.750000000000000000e+00 1.064988613128662109e+00 5.241362378001213074e-03
0.000000000000000000e+00 0.000000000000000000e+00 2.000000000000000000e+05 7.750000000000000000e+00 1.064988613128662109e+00 5.241362378001213074e-03
0.000000000000000000e+00 0.000000000000000000e+00 2.000000000000000000e+05 7.750000000000000000e+00 1.064988613128662109e+00 5.241362378001213074e-03
0.000000000000000000e+00 0.000000000000000000e+00 2.000000000000000000e+05 7.750000000000000000e+00 1.064988613128662109e+00 5.241362378001213074e-03
0.000000000000000000e+00 0.000000000000000000e+00 2.000000000000000000e+05 7.750000000000000000e+00 1.064988613128662109e+00 5.241362378001213074e-03
0.000000000000000000e+00 0.000000000000000000e+00 2.000000000000000000e+05 7.750000000000000000e+00 1.064988613128662109e+00 5.241362378001213074e-03
0.000000000000000000e+00 0.000000000000000000e+00 2.000000000000000000e+05 7.750000000000000000e+00 1.064988613128662109e+00 5.241362378001213074e-03
0.000000000000000000e+00 0.000000000000000000e+00 2.000000000000000000e+05 7.750000000000000000e+00 1.064988613128662109e+00 5.241362378001213074e-03
0.000000000000000000e+00 0.000000000000000000e+00 2.000000000000000000e+05 7.750000000000000000e+00 1.064988613128662109e+00 5.241362378001213074e-03
0.000000000000000000e+00 0.000000000000000000e+00 2.000000000000000000e+05 7.750000000000000000e+00 1.064988613128662109e+00 5.241362378001213074e-03
0.000000000000000000e+00 0.000000000000000000e+00 2.000000000000000000e+05 7.750000000000000000e+00 1.064988613128662109e+00 5.241362378001213074e-03
0.000000000000000000e+00 0.000000000000000000e+00 2.000000000000000000e+05 7.750000000000000000e+00 1.064988613128662109e+00 5.241362378001213074e-03
0.000000000000000000e+00 0.000000000000000000e+00 2.000000000000000000e+05 7.750000000000000000e+00 1.064988613128662109e+00 5.241362378001213074e-03
0.000000000000000000e+00 0.000000000000000000e+00 2.000000000000000000e+05 7.750000000000000000e+00 1.064988613128662109e+00 5.241362378001213074e-03
0.000000000000000000e+00 0.000000000000000000e+00 2.000000000000000000e+05 7.750000000000000000e+00 1.064988613128662109e+00 5.241362378001213074e-03
0.000000000000000000e+00 0.000000000000000000e+00 2.000000000000000000e+05 7.750000000000000000e+00 1.064988613128662109e+00 5.241362378001213074e-03
0.000000000000000000e+00 0.000000000000000000e+00 2.000000000000000000e+05 7.750000000000000000e+00 1.064988613128662109e+00 5.241362378001213074e-03
0.000000000000000000e+00 0.000000000000000000e+00 2.000000000000000000e+05 7.750000000000000000e+00 1.064988613128662109e+00 5.241362378001213074e-03
0.000000000000000000e+00 0.000000000000000000e+00 2.000000000000000000e+05 7.750000000000000000e+00 1.064988613128662109e+00 5.241362378001213074e-03
0.000000000000000000e+00 0.000000000000000000e+00 2.000000000000000000e+05 7.750000000000000000e+00 1.064988613128662109e+00 5.241362378001213074e-03
0.000000000000000000e+00 0.000000000000000000e+00 2.000000000000000000e+05 7.750000000000000000e+00 1.064988613128662109e+00 5.241362378001213074e-03
0.000000000000000000e+00 0.000000000000000000e+00 2.000000000000000000e+05 7.750000000000000000e+00 1.064988613128662109e+00 5.241362378001213074e-03
0.000000000000000000e+00 0.000000000000000000e+00 2.000000000000000000e+05 7.750000000000000000e+00 1.064988613128662109e+00 5.241362378001213074e-03
0.000000000000000000e+00 0.000000000000000000e+00 2.000000000000000000e+05 7.750000000000000000e+00 1.064988613128662109e+00 5.241362378001213074e-03
0.000000000000000000e+00 0.000000000000000000e+00 2.000000000000000000e+05 7.750000000000000000e+00 1.064988613128662109e+00 5.241362378001213074e-03
0.000000000000000000e+00 0.000000000000000000e+00 2.000000000000000000e+05 7.750000000000000000e+00 1.064988613128662109e+00 5.241362378001213074e-03
0.000000000000000000e+00 0.000000000000000000e+00 2.000000000000000000e+05 7.750000000000000000e+00 1.064988613128662109e+00 5.241362378001213074e-03
