1.000000000000000000e+00 2.210000000000000159e-03 1.000000000000000000e+05 8.750000000000000000e+00 1.068000000000000060e+00 3.007999999999999910e-02
9.499999999999999556e-01 1.412000000000000061e-02 1.000000000000000000e+05 8.750000000000000000e+00 1.068000000000000060e+00 3.007999999999999910e-02
9.000000000000000222e-01 2.534000000000000141e-02 1.000000000000000000e+05 8.750000000000000000e+00 1.068000000000000060e+00 3.007999999999999910e-02
8.000000000000000444e-01 4.590999999999999942e-02 1.000000000000000000e+05 8.750000000000000000e+00 1.068000000000000060e+00 3.007999999999999910e-02
6.999999999999999556e-01 6.411999999999999644e-02 1.000000000000000000e+05 8.750000000000000000e+00 1.068000000000000060e+00 3.007999999999999910e-02
5.999999999999999778e-01 7.986000000000000043e-02 1.000000000000000000e+05 8.750000000000000000e+00 1.068000000000000060e+00 3.007999999999999910e-02
5.000000000000000000e-01 9.264999999999999625e-02 1.000000000000000000e+05 8.750000000000000000e+00 1.068000000000000060e+00 3.007999999999999910e-02
4.000000000000000222e-01 1.015599999999999975e-01 1.000000000000000000e+05 8.750000000000000000e+00 1.068000000000000060e+00 3.007999999999999910e-02
2.999999999999999889e-01 1.050399999999999945e-01 1.000000000000000000e+05 8.750000000000000000e+00 1.068000000000000060e+00 3.007999999999999910e-02
2.500000000000000000e-01 1.039700000000000069e-01 1.000000000000000000e+05 8.750000000000000000e+00 1.068000000000000060e+00 3.007999999999999910e-02
2.000000000000000111e-01 1.004000000000000031e-01 1.000000000000000000e+05 8.750000000000000000e+00 1.068000000000000060e+00 3.007999999999999910e-02
1.499999999999999944e-01 9.353999999999999815e-02 1.000000000000000000e+05 8.750000000000000000e+00 1.068000000000000060e+00 3.007999999999999910e-02
1.000000000000000056e-01 8.194999999999999507e-02 1.000000000000000000e+05 8.750000000000000000e+00 1.068000000000000060e+00 3.007999999999999910e-02
7.499999999999999722e-02 7.349999999999999589e-02 1.000000000000000000e+05 8.750000000000000000e+00 1.068000000000000060e+00 3.007999999999999910e-02
5.000000000000000278e-02 6.221000000000000141e-02 1.000000000000000000e+05 8.750000000000000000e+00 1.068000000000000060e+00 3.007999999999999910e-02
2.500000000000000139e-02 4.576000000000000206e-02 1.000000000000000000e+05 8.750000000000000000e+00 1.068000000000000060e+00 3.007999999999999910e-02
1.250000000000000069e-02 3.314999999999999891e-02 1.000000000000000000e+05 8.750000000000000000e+00 1.068000000000000060e+00 3.007999999999999910e-02
0.000000000000000000e+00 0.000000000000000000e+00 1.000000000000000000e+05 8.750000000000000000e+00 1.068000000000000060e+00 3.007999999999999910e-02
1.250000000000000069e-02 -3.314999999999999891e-02 1.000000000000000000e+05 8.750000000000000000e+00 1.068000000000000060e+00 3.007999999999999910e-02
2.500000000000000139e-02 -4.576000000000000206e-02 1.000000000000000000e+05 8.750000000000000000e+00 1.068000000000000060e+00 3.007999999999999910e-02
5.000000000000000278e-02 -6.221000000000000141e-02 1.000000000000000000e+05 8.750000000000000000e+00 1.068000000000000060e+00 3.007999999999999910e-02
7.499999999999999722e-02 -7.349999999999999589e-02 1.000000000000000000e+05 8.750000000000000000e+00 1.068000000000000060e+00 3.007999999999999910e-02
1.000000000000000056e-01 -8.194999999999999507e-02 1.000000000000000000e+05 8.750000000000000000e+00 1.068000000000000060e+00 3.007999999999999910e-02
1.499999999999999944e-01 -9.353999999999999815e-02 1.000000000000000000e+05 8.750000000000000000e+00 1.068000000000000060e+00 3.007999999999999910e-02
2.000000000000000111e-01 -1.004000000000000031e-01 1.000000000000000000e+05 8.750000000000000000e+00 1.068000000000000060e+00 3.007999999999999910e-02
2.500000000000000000e-01 -1.039700000000000069e-01 1.000000000000000000e+05 8.750000000000000000e+00 1.068000000000000060e+00 3.007999999999999910e-02
2.999999999999999889e-01 -1.050399999999999945e-01 1.000000000000000000e+05 8.750000000000000000e+00 1.068000000000000060e+00 3.007999999999999910e-02
4.000000000000000222e-01 -1.015599999999999975e-01 1.000000000000000000e+05 8.750000000000000000e+00 1.068000000000000060e+00 3.007999999999999910e-02
5.000000000000000000e-01 -9.264999999999999625e-02 1.000000000000000000e+05 8.750000000000000000e+00 1.068000000000000060e+00 3.007999999999999910e-02
5.999999999999999778e-01 -7.986000000000000043e-02 1.000000000000000000e+05 8.750000000000000000e+00 1.068000000000000060e+00 3.007999999999999910e-02
6.999999999999999556e-01 -6.411999999999999644e-02 1.000000000000000000e+05 8.750000000000000000e+00 1.068000000000000060e+00 3.007999999999999910e-02
8.000000000000000444e-01 -4.590999999999999942e-02 1.000000000000000000e+05 8.750000000000000000e+00 1.068000000000000060e+00 3.007999999999999910e-02
9.000000000000000222e-01 -2.534000000000000141e-02 1.000000000000000000e+05 8.750000000000000000e+00 1.068000000000000060e+00 3.007999999999999910e-02
9.499999999999999556e-01 -1.412000000000000061e-02 1.000000000000000000e+05 8.750000000000000000e+00 1.068000000000000060e+00 3.007999999999999910e-02
1.000000000000000000e+00 -2.210000000000000159e-03 1.000000000000000000e+05 8.750000000000000000e+00 1.068000000000000060e+00 3.007999999999999910e-02
