1.000000000000000000e+00 8.399999933317303658e-04 1.000000000000000000e+06 7.000000000000000000e+00 8.928425908088684082e-01 1.316578220576047897e-02
9.501600265502929688e-01 6.980000063776969910e-03 1.000000000000000000e+06 7.000000000000000000e+00 8.928425908088684082e-01 1.316578220576047897e-02
9.002699851989746094e-01 1.271000038832426071e-02 1.000000000000000000e+06 7.000000000000000000e+00 8.928425908088684082e-01 1.316578220576047897e-02
8.003900051116943359e-01 2.305000089108943939e-02 1.000000000000000000e+06 7.000000000000000000e+00 8.928425908088684082e-01 1.316578220576047897e-02
7.004100084304809570e-01 3.192999958992004395e-02 1.000000000000000000e+06 7.000000000000000000e+00 8.928425908088684082e-01 1.316578220576047897e-02
6.003400087356567383e-01 3.931000083684921265e-02 1.000000000000000000e+06 7.000000000000000000e+00 8.928425908088684082e-01 1.316578220576047897e-02
5.001999735832214355e-01 4.501999914646148682e-02 1.000000000000000000e+06 7.000000000000000000e+00 8.928425908088684082e-01 1.316578220576047897e-02
4.000000059604644775e-01 4.868999868631362915e-02 1.000000000000000000e+06 7.000000000000000000e+00 8.928425908088684082e-01 1.316578220576047897e-02
2.994999885559082031e-01 4.938999935984611511e-02 1.000000000000000000e+06 7.000000000000000000e+00 8.928425908088684082e-01 1.316578220576047897e-02
2.492599934339523315e-01 4.819000139832496643e-02 1.000000000000000000e+06 7.000000000000000000e+00 8.928425908088684082e-01 1.316578220576047897e-02
1.990399956703186035e-01 4.574000090360641479e-02 1.000000000000000000e+06 7.000000000000000000e+00 8.928425908088684082e-01 1.316578220576047897e-02
1.488900035619735718e-01 4.171000048518180847e-02 1.000000000000000000e+06 7.000000000000000000e+00 8.928425908088684082e-01 1.316578220576047897e-02
9.882999956607818604e-02 3.558000177145004272e-02 1.000000000000000000e+06 7.000000000000000000e+00 8.928425908088684082e-01 1.316578220576047897e-02
7.385999709367752075e-02 3.138000145554542542e-02 1.000000000000000000e+06 7.000000000000000000e+00 8.928425908088684082e-01 1.316578220576047897e-02
4.896000027656555176e-02 2.601999975740909576e-02 1.000000000000000000e+06 7.000000000000000000e+00 8.928425908088684082e-01 1.316578220576047897e-02
2.418000064790248871e-02 1.861999928951263428e-02 1.000000000000000000e+06 7.000000000000000000e+00 8.928425908088684082e-01 1.316578220576047897e-02
1.188999973237514496e-02 1.324000023305416107e-02 1.000000000000000000e+06 7.000000000000000000e+00 8.928425908088684082e-01 1.316578220576047897e-02
0.000000000000000000e+00 0.000000000000000000e+00 1.000000000000000000e+06 7.000000000000000000e+00 8.928425908088684082e-01 1.316578220576047897e-02
1.310999970883131027e-02 -1.200000010430812836e-02 1.000000000000000000e+06 7.000000000000000000e+00 8.928425908088684082e-01 1.316578220576047897e-02
2.582000009715557098e-02 -1.620000042021274567e-02 1.000000000000000000e+06 7.000000000000000000e+00 8.928425908088684082e-01 1.316578220576047897e-02
5.104000121355056763e-02 -2.133999951183795929e-02 1.000000000000000000e+06 7.000000000000000000e+00 8.928425908088684082e-01 1.316578220576047897e-02
7.614000141620635986e-02 -2.457999996840953827e-02 1.000000000000000000e+06 7.000000000000000000e+00 8.928425908088684082e-01 1.316578220576047897e-02
1.011700034141540527e-01 -2.682000026106834412e-02 1.000000000000000000e+06 7.000000000000000000e+00 8.928425908088684082e-01 1.316578220576047897e-02
1.511099934577941895e-01 -2.952999994158744812e-02 1.000000000000000000e+06 7.000000000000000000e+00 8.928425908088684082e-01 1.316578220576047897e-02
2.009599953889846802e-01 -3.074000030755996704e-02 1.000000000000000000e+06 7.000000000000000000e+00 8.928425908088684082e-01 1.316578220576047897e-02
2.507399916648864746e-01 -3.101000003516674042e-02 1.000000000000000000e+06 7.000000000000000000e+00 8.928425908088684082e-01 1.316578220576047897e-02
3.005000054836273193e-01 -3.062999993562698364e-02 1.000000000000000000e+06 7.000000000000000000e+00 8.928425908088684082e-01 1.316578220576047897e-02
4.000000059604644775e-01 -2.868999913334846497e-02 1.000000000000000000e+06 7.000000000000000000e+00 8.928425908088684082e-01 1.316578220576047897e-02
4.997999966144561768e-01 -2.556000091135501862e-02 1.000000000000000000e+06 7.000000000000000000e+00 8.928425908088684082e-01 1.316578220576047897e-02
5.996599793434143066e-01 -2.153000049293041229e-02 1.000000000000000000e+06 7.000000000000000000e+00 8.928425908088684082e-01 1.316578220576047897e-02
6.995900273323059082e-01 -1.693000085651874542e-02 1.000000000000000000e+06 7.000000000000000000e+00 8.928425908088684082e-01 1.316578220576047897e-02
7.996100187301635742e-01 -1.193000003695487976e-02 1.000000000000000000e+06 7.000000000000000000e+00 8.928425908088684082e-01 1.316578220576047897e-02
8.997300267219543457e-01 -6.589999888092279434e-03 1.000000000000000000e+06 7.000000000000000000e+00 8.928425908088684082e-01 1.316578220576047897e-02
9.498400092124938965e-01 -3.779999911785125732e-03 1.000000000000000000e+06 7.000000000000000000e+00 8.928425908088684082e-01 1.316578220576047897e-02
1.000000000000000000e+00 -8.399999933317303658e-04 1.000000000000000000e+06 7.000000000000000000e+00 8.928425908088684082e-01 1.316578220576047897e-02
0.000000000000000000e+00 0.000000000000000000e+00 1.000000000000000000e+06 7.000000000000000000e+00 8.928425908088684082e-01 1.316578220576047897e-02
0.000000000000000000e+00 0.000000000000000000e+00 1.000000000000000000e+06 7.000000000000000000e+00 8.928425908088684082e-01 1.316578220576047897e-02
0.000000000000000000e+00 0.000000000000000000e+00 1.000000000000000000e+06 7.000000000000000000e+00 8.928425908088684082e-01 1.316578220576047897e-02
0.000000000000000000e+00 0.000000000000000000e+00 1.000000000000000000e+06 7.000000000000000000e+00 8.928425908088684082e-01 1.316578220576047897e-02
0.000000000000000000e+00 0.000000000000000000e+00 1.000000000000000000e+06 7.000000000000000000e+00 8.928425908088684082e-01 1.316578220576047897e-02
0.000000000000000000e+00 0.000000000000000000e+00 1.000000000000000000e+06 7.000000000000000000e+00 8.928425908088684082e-01 1.316578220576047897e-02
0.000000000000000000e+00 0.000000000000000000e+00 1.000000000000000000e+06 7.000000000000000000e+00 8.928425908088684082e-01 1.316578220576047897e-02
0.000000000000000000e+00 0.000000000000000000e+00 1.000000000000000000e+06 7.000000000000000000e+00 8.928425908088684082e-01 1.316578220576047897e-02
0.000000000000000000e+00 0.000000000000000000e+00 1.000000000000000000e+06 7.000000000000000000e+00 8.928425908088684082e-01 1.316578220576047897e-02
0.000000000000000000e+00 0.000000000000000000e+00 1.000000000000000000e+06 7.000000000000000000e+00 8.928425908088684082e-01 1.316578220576047897e-02
0.000000000000000000e+00 0.000000000000000000e+00 1.000000000000000000e+06 7.000000000000000000e+00 8.928425908088684082e-01 1.316578220576047897e-02
0.000000000000000000e+00 0.000000000000000000e+00 1.000000000000000000e+06 7.000000000000000000e+00 8.928425908088684082e-01 1.316578220576047897e-02
0.000000000000000000e+00 0.000000000000000000e+00 1.000000000000000000e+06 7.000000000000000000e+00 8.928425908088684082e-01 1.316578220576047897e-02
0.000000000000000000e+00 0.000000000000000000e+00 1.000000000000000000e+06 7.000000000000000000e+00 8.928425908088684082e-01 1.316578220576047897e-02
0.000000000000000000e+00 0.000000000000000000e+00 1.000000000000000000e+06 7.000000000000000000e+00 8.928425908088684082e-01 1.316578220576047897e-02
0.000000000000000000e+00 0.000000000000000000e+00 1.000000000000000000e+06 7.000000000000000000e+00 8.928425908088684082e-01 1.316578220576047897e-02
0.000000000000000000e+00 0.000000000000000000e+00 1.000000000000000000e+06 7.000000000000000000e+00 8.928425908088684082e-01 1.316578220576047897e-02
0.000000000000000000e+00 0.000000000000000000e+00 1.000000000000000000e+06 7.000000000000000000e+00 8.928425908088684082e-01 1.316578220576047897e-02
0.000000000000000000e+00 0.000000000000000000e+00 1.000000000000000000e+06 7.000000000000000000e+00 8.928425908088684082e-01 1.316578220576047897e-02
0.000000000000000000e+00 0.000000000000000000e+00 1.000000000000000000e+06 7.000000000000000000e+00 8.928425908088684082e-01 1.316578220576047897e-02
0.000000000000000000e+00 0.000000000000000000e+00 1.000000000000000000e+06 7.000000000000000000e+00 8.928425908088684082e-01 1.316578220576047897e-02
0.000000000000000000e+00 0.000000000000000000e+00 1.000000000000000000e+06 7.000000000000000000e+00 8.928425908088684082e-01 1.316578220576047897e-02
0.000000000000000000e+00 0.000000000000000000e+00 1.000000000000000000e+06 7.000000000000000000e+00 8.928425908088684082e-01 1.316578220576047897e-02
0.000000000000000000e+00 0.000000000000000000e+00 1.000000000000000000e+06 7.000000000000000000e+00 8.928425908088684082e-01 1.316578220576047897e-02
0.000000000000000000e+00 0.000000000000000000e+00 1.000000000000000000e+06 7.000000000000000000e+00 8.928425908088684082e-01 1.316578220576047897e-02
0.000000000000000000e+00 0.000000000000000000e+00 1.000000000000000000e+06 7.000000000000000000e+00 8.928425908088684082e-01 1.316578220576047897e-02
0.000000000000000000e+00 0.000000000000000000e+00 1.000000000000000000e+06 7.000000000000000000e+00 8.928425908088684082e-01 1.316578220576047897e-02
0.000000000000000000e+00 0.000000000000000000e+00 1.000000000000000000e+06 7.000000000000000000e+00 8.928425908088684082e-01 1.316578220576047897e-02
0.000000000000000000e+00 0.000000000000000000e+00 1.000000000000000000e+06 7.000000000000000000e+00 8.928425908088684082e-01 1.316578220576047897e-02
0.000000000000000000e+00 0.000000000000000000e+00 1.000000000000000000e+06 7.000000000000000000e+00 8.928425908088684082e-01 1.316578220576047897e-02
0.000000000000000000e+00 0.000000000000000000e+00 1.000000000000000000e+06 7.000000000000000000e+00 8.928425908088684082e-01 1.316578220576047897e-02
0.000000000000000000e+00 0.000000000000000000e+00 1.000000000000000000e+06 7.000000000000000000e+00 8.928425908088684082e-01 1.316578220576047897e-02
0.000000000000000000e+00 0.000000000000000000e+00 1.000000000000000000e+06 7.000000000000000000e+00 8.928425908088684082e-01 1.316578220576047897e-02
0.000000000000000000e+00 0.000000000000000000e+00 1.000000000000000000e+06 7.000000000000000000e+00 8.928425908088684082e-01 1.316578220576047897e-02
