1.000000000000000000e+00 8.400000000000000348e-04 5.000000000000000000e+04 -9.750000000000000000e+00 -4.539000000000000257e-01 1.126999999999999946e-01
9.501600000000000046e-01 6.980000000000000093e-03 5.000000000000000000e+04 -9.750000000000000000e+00 -4.539000000000000257e-01 1.126999999999999946e-01
9.002700000000000147e-01 1.271000000000000081e-02 5.000000000000000000e+04 -9.750000000000000000e+00 -4.539000000000000257e-01 1.126999999999999946e-01
8.003900000000000459e-01 2.305000000000000104e-02 5.000000000000000000e+04 -9.750000000000000000e+00 -4.539000000000000257e-01 1.126999999999999946e-01
7.004099999999999770e-01 3.193000000000000005e-02 5.000000000000000000e+04 -9.750000000000000000e+00 -4.539000000000000257e-01 1.126999999999999946e-01
6.003399999999999848e-01 3.930999999999999772e-02 5.000000000000000000e+04 -9.750000000000000000e+00 -4.539000000000000257e-01 1.126999999999999946e-01
5.001999999999999780e-01 4.501999999999999752e-02 5.000000000000000000e+04 -9.750000000000000000e+00 -4.539000000000000257e-01 1.126999999999999946e-01
4.000000000000000222e-01 4.868999999999999717e-02 5.000000000000000000e+04 -9.750000000000000000e+00 -4.539000000000000257e-01 1.126999999999999946e-01
2.994999999999999885e-01 4.939000000000000334e-02 5.000000000000000000e+04 -9.750000000000000000e+00 -4.539000000000000257e-01 1.126999999999999946e-01
2.492600000000000093e-01 4.818999999999999673e-02 5.000000000000000000e+04 -9.750000000000000000e+00 -4.539000000000000257e-01 1.126999999999999946e-01
1.990399999999999947e-01 4.574000000000000288e-02 5.000000000000000000e+04 -9.750000000000000000e+00 -4.539000000000000257e-01 1.126999999999999946e-01
1.488899999999999946e-01 4.170999999999999708e-02 5.000000000000000000e+04 -9.750000000000000000e+00 -4.539000000000000257e-01 1.126999999999999946e-01
9.883000000000000118e-02 3.558000000000000052e-02 5.000000000000000000e+04 -9.750000000000000000e+00 -4.539000000000000257e-01 1.126999999999999946e-01
7.385999999999999510e-02 3.137999999999999817e-02 5.000000000000000000e+04 -9.750000000000000000e+00 -4.539000000000000257e-01 1.126999999999999946e-01
4.895999999999999658e-02 2.602000000000000146e-02 5.000000000000000000e+04 -9.750000000000000000e+00 -4.539000000000000257e-01 1.126999999999999946e-01
2.418000000000000010e-02 1.862000000000000113e-02 5.000000000000000000e+04 -9.750000000000000000e+00 -4.539000000000000257e-01 1.126999999999999946e-01
1.188999999999999953e-02 1.324000000000000003e-02 5.000000000000000000e+04 -9.750000000000000000e+00 -4.539000000000000257e-01 1.126999999999999946e-01
0.000000000000000000e+00 0.000000000000000000e+00 5.000000000000000000e+04 -9.750000000000000000e+00 -4.539000000000000257e-01 1.126999999999999946e-01
1.311000000000000013e-02 -1.200000000000000025e-02 5.000000000000000000e+04 -9.750000000000000000e+00 -4.539000000000000257e-01 1.126999999999999946e-01
2.581999999999999920e-02 -1.619999999999999912e-02 5.000000000000000000e+04 -9.750000000000000000e+00 -4.539000000000000257e-01 1.126999999999999946e-01
5.104000000000000203e-02 -2.134000000000000133e-02 5.000000000000000000e+04 -9.750000000000000000e+00 -4.539000000000000257e-01 1.126999999999999946e-01
7.613999999999999935e-02 -2.458000000000000115e-02 5.000000000000000000e+04 -9.750000000000000000e+00 -4.539000000000000257e-01 1.126999999999999946e-01
1.011699999999999960e-01 -2.682000000000000009e-02 5.000000000000000000e+04 -9.750000000000000000e+00 -4.539000000000000257e-01 1.126999999999999946e-01
1.511099999999999943e-01 -2.953000000000000069e-02 5.000000000000000000e+04 -9.750000000000000000e+00 -4.539000000000000257e-01 1.126999999999999946e-01
2.009599999999999997e-01 -3.073999999999999996e-02 5.000000000000000000e+04 -9.750000000000000000e+00 -4.539000000000000257e-01 1.126999999999999946e-01
2.507400000000000184e-01 -3.100999999999999937e-02 5.000000000000000000e+04 -9.750000000000000000e+00 -4.539000000000000257e-01 1.126999999999999946e-01
3.004999999999999893e-01 -3.063000000000000098e-02 5.000000000000000000e+04 -9.750000000000000000e+00 -4.539000000000000257e-01 1.126999999999999946e-01
4.000000000000000222e-01 -2.869000000000000022e-02 5.000000000000000000e+04 -9.750000000000000000e+00 -4.539000000000000257e-01 1.126999999999999946e-01
4.998000000000000220e-01 -2.555999999999999939e-02 5.000000000000000000e+04 -9.750000000000000000e+00 -4.539000000000000257e-01 1.126999999999999946e-01
5.996599999999999708e-01 -2.153000000000000053e-02 5.000000000000000000e+04 -9.750000000000000000e+00 -4.539000000000000257e-01 1.126999999999999946e-01
6.995900000000000452e-01 -1.693000000000000060e-02 5.000000000000000000e+04 -9.750000000000000000e+00 -4.539000000000000257e-01 1.126999999999999946e-01
7.996100000000000430e-01 -1.192999999999999963e-02 5.000000000000000000e+04 -9.750000000000000000e+00 -4.539000000000000257e-01 1.126999999999999946e-01
8.997300000000000297e-01 -6.590000000000000371e-03 5.000000000000000000e+04 -9.750000000000000000e+00 -4.539000000000000257e-01 1.126999999999999946e-01
9.498400000000000176e-01 -3.779999999999999940e-03 5.000000000000000000e+04 -9.750000000000000000e+00 -4.539000000000000257e-01 1.126999999999999946e-01
1.000000000000000000e+00 -8.400000000000000348e-04 5.000000000000000000e+04 -9.750000000000000000e+00 -4.539000000000000257e-01 1.126999999999999946e-01
