1.000000000000000000e+00 1.889999999999999970e-03 5.000000000000000000e+04 -8.000000000000000000e+00 -8.647000000000000242e-01 4.386000000000000315e-02
9.499999999999999556e-01 1.209999999999999964e-02 5.000000000000000000e+04 -8.000000000000000000e+00 -8.647000000000000242e-01 4.386000000000000315e-02
9.000000000000000222e-01 2.171999999999999972e-02 5.000000000000000000e+04 -8.000000000000000000e+00 -8.647000000000000242e-01 4.386000000000000315e-02
8.000000000000000444e-01 3.935000000000000303e-02 5.000000000000000000e+04 -8.000000000000000000e+00 -8.647000000000000242e-01 4.386000000000000315e-02
6.999999999999999556e-01 5.496000000000000191e-02 5.000000000000000000e+04 -8.000000000000000000e+00 -8.647000000000000242e-01 4.386000000000000315e-02
5.999999999999999778e-01 6.844999999999999696e-02 5.000000000000000000e+04 -8.000000000000000000e+00 -8.647000000000000242e-01 4.386000000000000315e-02
5.000000000000000000e-01 7.940999999999999448e-02 5.000000000000000000e+04 -8.000000000000000000e+00 -8.647000000000000242e-01 4.386000000000000315e-02
4.000000000000000222e-01 8.705000000000000238e-02 5.000000000000000000e+04 -8.000000000000000000e+00 -8.647000000000000242e-01 4.386000000000000315e-02
2.999999999999999889e-01 9.002999999999999892e-02 5.000000000000000000e+04 -8.000000000000000000e+00 -8.647000000000000242e-01 4.386000000000000315e-02
2.500000000000000000e-01 8.912000000000000477e-02 5.000000000000000000e+04 -8.000000000000000000e+00 -8.647000000000000242e-01 4.386000000000000315e-02
2.000000000000000111e-01 8.605999999999999761e-02 5.000000000000000000e+04 -8.000000000000000000e+00 -8.647000000000000242e-01 4.386000000000000315e-02
1.499999999999999944e-01 8.018000000000000127e-02 5.000000000000000000e+04 -8.000000000000000000e+00 -8.647000000000000242e-01 4.386000000000000315e-02
1.000000000000000056e-01 7.023999999999999688e-02 5.000000000000000000e+04 -8.000000000000000000e+00 -8.647000000000000242e-01 4.386000000000000315e-02
7.499999999999999722e-02 6.300000000000000044e-02 5.000000000000000000e+04 -8.000000000000000000e+00 -8.647000000000000242e-01 4.386000000000000315e-02
5.000000000000000278e-02 5.331999999999999934e-02 5.000000000000000000e+04 -8.000000000000000000e+00 -8.647000000000000242e-01 4.386000000000000315e-02
2.500000000000000139e-02 3.921999999999999792e-02 5.000000000000000000e+04 -8.000000000000000000e+00 -8.647000000000000242e-01 4.386000000000000315e-02
1.250000000000000069e-02 2.841000000000000122e-02 5.000000000000000000e+04 -8.000000000000000000e+00 -8.647000000000000242e-01 4.386000000000000315e-02
0.000000000000000000e+00 0.000000000000000000e+00 5.000000000000000000e+04 -8.000000000000000000e+00 -8.647000000000000242e-01 4.386000000000000315e-02
1.250000000000000069e-02 -2.841000000000000122e-02 5.000000000000000000e+04 -8.000000000000000000e+00 -8.647000000000000242e-01 4.386000000000000315e-02
2.500000000000000139e-02 -3.921999999999999792e-02 5.000000000000000000e+04 -8.000000000000000000e+00 -8.647000000000000242e-01 4.386000000000000315e-02
5.000000000000000278e-02 -5.331999999999999934e-02 5.000000000000000000e+04 -8.000000000000000000e+00 -8.647000000000000242e-01 4.386000000000000315e-02
7.499999999999999722e-02 -6.300000000000000044e-02 5.000000000000000000e+04 -8.000000000000000000e+00 -8.647000000000000242e-01 4.386000000000000315e-02
1.000000000000000056e-01 -7.023999999999999688e-02 5.000000000000000000e+04 -8.000000000000000000e+00 -8.647000000000000242e-01 4.386000000000000315e-02
1.499999999999999944e-01 -8.018000000000000127e-02 5.000000000000000000e+04 -8.000000000000000000e+00 -8.647000000000000242e-01 4.386000000000000315e-02
2.000000000000000111e-01 -8.605999999999999761e-02 5.000000000000000000e+04 -8.000000000000000000e+00 -8.647000000000000242e-01 4.386000000000000315e-02
2.500000000000000000e-01 -8.912000000000000477e-02 5.000000000000000000e+04 -8.000000000000000000e+00 -8.647000000000000242e-01 4.386000000000000315e-02
2.999999999999999889e-01 -9.002999999999999892e-02 5.000000000000000000e+04 -8.000000000000000000e+00 -8.647000000000000242e-01 4.386000000000000315e-02
4.000000000000000222e-01 -8.705000000000000238e-02 5.000000000000000000e+04 -8.000000000000000000e+00 -8.647000000000000242e-01 4.386000000000000315e-02
5.000000000000000000e-01 -7.940999999999999448e-02 5.000000000000000000e+04 -8.000000000000000000e+00 -8.647000000000000242e-01 4.386000000000000315e-02
5.999999999999999778e-01 -6.844999999999999696e-02 5.000000000000000000e+04 -8.000000000000000000e+00 -8.647000000000000242e-01 4.386000000000000315e-02
6.999999999999999556e-01 -5.496000000000000191e-02 5.000000000000000000e+04 -8.000000000000000000e+00 -8.647000000000000242e-01 4.386000000000000315e-02
8.000000000000000444e-01 -3.935000000000000303e-02 5.000000000000000000e+04 -8.000000000000000000e+00 -8.647000000000000242e-01 4.386000000000000315e-02
9.000000000000000222e-01 -2.171999999999999972e-02 5.000000000000000000e+04 -8.000000000000000000e+00 -8.647000000000000242e-01 4.386000000000000315e-02
9.499999999999999556e-01 -1.209999999999999964e-02 5.000000000000000000e+04 -8.000000000000000000e+00 -8.647000000000000242e-01 4.386000000000000315e-02
1.000000000000000000e+00 -1.889999999999999970e-03 5.000000000000000000e+04 -8.000000000000000000e+00 -8.647000000000000242e-01 4.386000000000000315e-02
