1.000000000000000000e+00 0.000000000000000000e+00 2.000000000000000000e+05 7.000000000000000000e+00 1.366800000000000015e+00 1.569999999999999868e-02
9.973199999999999843e-01 8.400000000000000348e-04 2.000000000000000000e+05 7.000000000000000000e+00 1.366800000000000015e+00 1.569999999999999868e-02
9.892999999999999572e-01 3.330000000000000061e-03 2.000000000000000000e+05 7.000000000000000000e+00 1.366800000000000015e+00 1.569999999999999868e-02
9.760299999999999532e-01 7.369999999999999815e-03 2.000000000000000000e+05 7.000000000000000000e+00 1.366800000000000015e+00 1.569999999999999868e-02
9.576000000000000068e-01 1.284000000000000072e-02 2.000000000000000000e+05 7.000000000000000000e+00 1.366800000000000015e+00 1.569999999999999868e-02
9.342300000000000049e-01 1.953999999999999834e-02 2.000000000000000000e+05 7.000000000000000000e+00 1.366800000000000015e+00 1.569999999999999868e-02
9.061500000000000110e-01 2.724000000000000032e-02 2.000000000000000000e+05 7.000000000000000000e+00 1.366800000000000015e+00 1.569999999999999868e-02
8.735699999999999577e-01 3.570999999999999869e-02 2.000000000000000000e+05 7.000000000000000000e+00 1.366800000000000015e+00 1.569999999999999868e-02
8.368999999999999773e-01 4.463999999999999913e-02 2.000000000000000000e+05 7.000000000000000000e+00 1.366800000000000015e+00 1.569999999999999868e-02
7.964700000000000113e-01 5.378000000000000141e-02 2.000000000000000000e+05 7.000000000000000000e+00 1.366800000000000015e+00 1.569999999999999868e-02
7.527199999999999447e-01 6.282999999999999696e-02 2.000000000000000000e+05 7.000000000000000000e+00 1.366800000000000015e+00 1.569999999999999868e-02
7.060800000000000409e-01 7.152999999999999636e-02 2.000000000000000000e+05 7.000000000000000000e+00 1.366800000000000015e+00 1.569999999999999868e-02
6.571000000000000174e-01 7.961000000000000021e-02 2.000000000000000000e+05 7.000000000000000000e+00 1.366800000000000015e+00 1.569999999999999868e-02
6.062699999999999756e-01 8.684000000000000052e-02 2.000000000000000000e+05 7.000000000000000000e+00 1.366800000000000015e+00 1.569999999999999868e-02
5.541300000000000114e-01 9.302000000000000546e-02 2.000000000000000000e+05 7.000000000000000000e+00 1.366800000000000015e+00 1.569999999999999868e-02
5.013199999999999878e-01 9.796000000000000540e-02 2.000000000000000000e+05 7.000000000000000000e+00 1.366800000000000015e+00 1.569999999999999868e-02
4.484000000000000208e-01 1.015199999999999991e-01 2.000000000000000000e+05 7.000000000000000000e+00 1.366800000000000015e+00 1.569999999999999868e-02
3.958999999999999742e-01 1.035999999999999976e-01 2.000000000000000000e+05 7.000000000000000000e+00 1.366800000000000015e+00 1.569999999999999868e-02
3.436699999999999755e-01 1.035200000000000009e-01 2.000000000000000000e+05 7.000000000000000000e+00 1.366800000000000015e+00 1.569999999999999868e-02
2.931500000000000217e-01 1.008600000000000052e-01 2.000000000000000000e+05 7.000000000000000000e+00 1.366800000000000015e+00 1.569999999999999868e-02
2.450199999999999878e-01 9.583999999999999464e-02 2.000000000000000000e+05 7.000000000000000000e+00 1.366800000000000015e+00 1.569999999999999868e-02
1.998800000000000021e-01 8.873999999999999944e-02 2.000000000000000000e+05 7.000000000000000000e+00 1.366800000000000015e+00 1.569999999999999868e-02
1.582999999999999963e-01 7.992000000000000492e-02 2.000000000000000000e+05 7.000000000000000000e+00 1.366800000000000015e+00 1.569999999999999868e-02
1.208000000000000046e-01 6.981999999999999318e-02 2.000000000000000000e+05 7.000000000000000000e+00 1.366800000000000015e+00 1.569999999999999868e-02
8.780000000000000304e-02 5.888999999999999790e-02 2.000000000000000000e+05 7.000000000000000000e+00 1.366800000000000015e+00 1.569999999999999868e-02
5.967999999999999694e-02 4.762000000000000260e-02 2.000000000000000000e+05 7.000000000000000000e+00 1.366800000000000015e+00 1.569999999999999868e-02
3.676999999999999713e-02 3.645999999999999935e-02 2.000000000000000000e+05 7.000000000000000000e+00 1.366800000000000015e+00 1.569999999999999868e-02
1.919999999999999832e-02 2.580999999999999961e-02 2.000000000000000000e+05 7.000000000000000000e+00 1.366800000000000015e+00 1.569999999999999868e-02
7.199999999999999803e-03 1.602999999999999911e-02 2.000000000000000000e+05 7.000000000000000000e+00 1.366800000000000015e+00 1.569999999999999868e-02
8.000000000000000383e-04 7.369999999999999815e-03 2.000000000000000000e+05 7.000000000000000000e+00 1.366800000000000015e+00 1.569999999999999868e-02
0.000000000000000000e+00 0.000000000000000000e+00 2.000000000000000000e+05 7.000000000000000000e+00 1.366800000000000015e+00 1.569999999999999868e-02
4.669999999999999672e-03 -5.729999999999999850e-03 2.000000000000000000e+05 7.000000000000000000e+00 1.366800000000000015e+00 1.569999999999999868e-02
1.467000000000000075e-02 -9.560000000000000789e-03 2.000000000000000000e+05 7.000000000000000000e+00 1.366800000000000015e+00 1.569999999999999868e-02
2.972999999999999948e-02 -1.157000000000000042e-02 2.000000000000000000e+05 7.000000000000000000e+00 1.366800000000000015e+00 1.569999999999999868e-02
4.970000000000000112e-02 -1.192000000000000004e-02 2.000000000000000000e+05 7.000000000000000000e+00 1.366800000000000015e+00 1.569999999999999868e-02
7.427999999999999881e-02 -1.080000000000000057e-02 2.000000000000000000e+05 7.000000000000000000e+00 1.366800000000000015e+00 1.569999999999999868e-02
1.031699999999999978e-01 -8.439999999999999586e-03 2.000000000000000000e+05 7.000000000000000000e+00 1.366800000000000015e+00 1.569999999999999868e-02
1.360699999999999965e-01 -5.130000000000000011e-03 2.000000000000000000e+05 7.000000000000000000e+00 1.366800000000000015e+00 1.569999999999999868e-02
1.725700000000000012e-01 -1.190000000000000085e-03 2.000000000000000000e+05 7.000000000000000000e+00 1.366800000000000015e+00 1.569999999999999868e-02
2.123500000000000110e-01 3.069999999999999812e-03 2.000000000000000000e+05 7.000000000000000000e+00 1.366800000000000015e+00 1.569999999999999868e-02
2.549799999999999844e-01 7.289999999999999605e-03 2.000000000000000000e+05 7.000000000000000000e+00 1.366800000000000015e+00 1.569999999999999868e-02
3.001199999999999979e-01 1.111999999999999968e-02 2.000000000000000000e+05 7.000000000000000000e+00 1.366800000000000015e+00 1.569999999999999868e-02
3.472999999999999976e-01 1.425000000000000051e-02 2.000000000000000000e+05 7.000000000000000000e+00 1.366800000000000015e+00 1.569999999999999868e-02
3.961799999999999766e-01 1.638999999999999832e-02 2.000000000000000000e+05 7.000000000000000000e+00 1.366800000000000015e+00 1.569999999999999868e-02
4.470700000000000229e-01 1.771999999999999964e-02 2.000000000000000000e+05 7.000000000000000000e+00 1.366800000000000015e+00 1.569999999999999868e-02
4.986800000000000122e-01 1.871000000000000094e-02 2.000000000000000000e+05 7.000000000000000000e+00 1.366800000000000015e+00 1.569999999999999868e-02
5.504000000000000004e-01 1.924999999999999975e-02 2.000000000000000000e+05 7.000000000000000000e+00 1.366800000000000015e+00 1.569999999999999868e-02
6.016700000000000381e-01 1.929000000000000159e-02 2.000000000000000000e+05 7.000000000000000000e+00 1.366800000000000015e+00 1.569999999999999868e-02
6.519300000000000095e-01 1.880000000000000074e-02 2.000000000000000000e+05 7.000000000000000000e+00 1.366800000000000015e+00 1.569999999999999868e-02
7.006499999999999950e-01 1.779999999999999985e-02 2.000000000000000000e+05 7.000000000000000000e+00 1.366800000000000015e+00 1.569999999999999868e-02
7.472800000000000553e-01 1.634000000000000036e-02 2.000000000000000000e+05 7.000000000000000000e+00 1.366800000000000015e+00 1.569999999999999868e-02
7.913000000000000034e-01 1.451000000000000033e-02 2.000000000000000000e+05 7.000000000000000000e+00 1.366800000000000015e+00 1.569999999999999868e-02
8.322300000000000253e-01 1.240999999999999916e-02 2.000000000000000000e+05 7.000000000000000000e+00 1.366800000000000015e+00 1.569999999999999868e-02
8.695699999999999541e-01 1.017000000000000022e-02 2.000000000000000000e+05 7.000000000000000000e+00 1.366800000000000015e+00 1.569999999999999868e-02
9.028800000000000159e-01 7.910000000000000364e-03 2.000000000000000000e+05 7.000000000000000000e+00 1.366800000000000015e+00 1.569999999999999868e-02
9.317999999999999616e-01 5.760000000000000363e-03 2.000000000000000000e+05 7.000000000000000000e+00 1.366800000000000015e+00 1.569999999999999868e-02
9.559299999999999464e-01 3.830000000000000071e-03 2.000000000000000000e+05 7.000000000000000000e+00 1.366800000000000015e+00 1.569999999999999868e-02
9.750299999999999523e-01 2.210000000000000159e-03 2.000000000000000000e+05 7.000000000000000000e+00 1.366800000000000015e+00 1.569999999999999868e-02
9.888299999999999867e-01 1.010000000000000047e-03 2.000000000000000000e+05 7.000000000000000000e+00 1.366800000000000015e+00 1.569999999999999868e-02
9.972199999999999953e-01 2.500000000000000052e-04 2.000000000000000000e+05 7.000000000000000000e+00 1.366800000000000015e+00 1.569999999999999868e-02
1.000000000000000000e+00 0.000000000000000000e+00 2.000000000000000000e+05 7.000000000000000000e+00 1.366800000000000015e+00 1.569999999999999868e-02
