1.000000000000000000e+00 1.900000032037496567e-03 2.000000000000000000e+05 -1.225000000000000000e+01 -9.425202012062072754e-01 5.677503719925880432e-02
9.499999880790710449e-01 1.889999955892562866e-02 2.000000000000000000e+05 -1.225000000000000000e+01 -9.425202012062072754e-01 5.677503719925880432e-02
8.999999761581420898e-01 3.460000082850456238e-02 2.000000000000000000e+05 -1.225000000000000000e+01 -9.425202012062072754e-01 5.677503719925880432e-02
8.000000119209289551e-01 6.219999864697456360e-02 2.000000000000000000e+05 -1.225000000000000000e+01 -9.425202012062072754e-01 5.677503719925880432e-02
6.999999880790710449e-01 8.550000190734863281e-02 2.000000000000000000e+05 -1.225000000000000000e+01 -9.425202012062072754e-01 5.677503719925880432e-02
6.000000238418579102e-01 1.044000014662742615e-01 2.000000000000000000e+05 -1.225000000000000000e+01 -9.425202012062072754e-01 5.677503719925880432e-02
5.000000000000000000e-01 1.185000017285346985e-01 2.000000000000000000e+05 -1.225000000000000000e+01 -9.425202012062072754e-01 5.677503719925880432e-02
4.000000059604644775e-01 1.270000040531158447e-01 2.000000000000000000e+05 -1.225000000000000000e+01 -9.425202012062072754e-01 5.677503719925880432e-02
3.000000119209289551e-01 1.275999993085861206e-01 2.000000000000000000e+05 -1.225000000000000000e+01 -9.425202012062072754e-01 5.677503719925880432e-02
2.500000000000000000e-01 1.239999979734420776e-01 2.000000000000000000e+05 -1.225000000000000000e+01 -9.425202012062072754e-01 5.677503719925880432e-02
2.000000029802322388e-01 1.172000020742416382e-01 2.000000000000000000e+05 -1.225000000000000000e+01 -9.425202012062072754e-01 5.677503719925880432e-02
1.500000059604644775e-01 1.066000014543533325e-01 2.000000000000000000e+05 -1.225000000000000000e+01 -9.425202012062072754e-01 5.677503719925880432e-02
1.000000014901161194e-01 9.109999984502792358e-02 2.000000000000000000e+05 -1.225000000000000000e+01 -9.425202012062072754e-01 5.677503719925880432e-02
7.500000298023223877e-02 8.060000091791152954e-02 2.000000000000000000e+05 -1.225000000000000000e+01 -9.425202012062072754e-01 5.677503719925880432e-02
5.000000074505805969e-02 6.750000268220901489e-02 2.000000000000000000e+05 -1.225000000000000000e+01 -9.425202012062072754e-01 5.677503719925880432e-02
2.500000037252902985e-02 5.000000074505805969e-02 2.000000000000000000e+05 -1.225000000000000000e+01 -9.425202012062072754e-01 5.677503719925880432e-02
1.250000018626451492e-02 3.759999945759773254e-02 2.000000000000000000e+05 -1.225000000000000000e+01 -9.425202012062072754e-01 5.677503719925880432e-02
0.000000000000000000e+00 0.000000000000000000e+00 2.000000000000000000e+05 -1.225000000000000000e+01 -9.425202012062072754e-01 5.677503719925880432e-02
1.250000018626451492e-02 -2.109999954700469971e-02 2.000000000000000000e+05 -1.225000000000000000e+01 -9.425202012062072754e-01 5.677503719925880432e-02
2.500000037252902985e-02 -2.989999949932098389e-02 2.000000000000000000e+05 -1.225000000000000000e+01 -9.425202012062072754e-01 5.677503719925880432e-02
5.000000074505805969e-02 -4.060000181198120117e-02 2.000000000000000000e+05 -1.225000000000000000e+01 -9.425202012062072754e-01 5.677503719925880432e-02
7.500000298023223877e-02 -4.670000076293945312e-02 2.000000000000000000e+05 -1.225000000000000000e+01 -9.425202012062072754e-01 5.677503719925880432e-02
1.000000014901161194e-01 -5.059999972581863403e-02 2.000000000000000000e+05 -1.225000000000000000e+01 -9.425202012062072754e-01 5.677503719925880432e-02
1.500000059604644775e-01 -5.490000173449516296e-02 2.000000000000000000e+05 -1.225000000000000000e+01 -9.425202012062072754e-01 5.677503719925880432e-02
2.000000029802322388e-01 -5.559999868273735046e-02 2.000000000000000000e+05 -1.225000000000000000e+01 -9.425202012062072754e-01 5.677503719925880432e-02
2.500000000000000000e-01 -5.490000173449516296e-02 2.000000000000000000e+05 -1.225000000000000000e+01 -9.425202012062072754e-01 5.677503719925880432e-02
3.000000119209289551e-01 -5.260000005364418030e-02 2.000000000000000000e+05 -1.225000000000000000e+01 -9.425202012062072754e-01 5.677503719925880432e-02
4.000000059604644775e-01 -4.699999839067459106e-02 2.000000000000000000e+05 -1.225000000000000000e+01 -9.425202012062072754e-01 5.677503719925880432e-02
5.000000000000000000e-01 -4.019999876618385315e-02 2.000000000000000000e+05 -1.225000000000000000e+01 -9.425202012062072754e-01 5.677503719925880432e-02
6.000000238418579102e-01 -3.240000084042549133e-02 2.000000000000000000e+05 -1.225000000000000000e+01 -9.425202012062072754e-01 5.677503719925880432e-02
6.999999880790710449e-01 -2.449999935925006866e-02 2.000000000000000000e+05 -1.225000000000000000e+01 -9.425202012062072754e-01 5.677503719925880432e-02
8.000000119209289551e-01 -1.669999957084655762e-02 2.000000000000000000e+05 -1.225000000000000000e+01 -9.425202012062072754e-01 5.677503719925880432e-02
8.999999761581420898e-01 -9.300000034272670746e-03 2.000000000000000000e+05 -1.225000000000000000e+01 -9.425202012062072754e-01 5.677503719925880432e-02
9.499999880790710449e-01 -5.499999970197677612e-03 2.000000000000000000e+05 -1.225000000000000000e+01 -9.425202012062072754e-01 5.677503719925880432e-02
1.000000000000000000e+00 -1.900000032037496567e-03 2.000000000000000000e+05 -1.225000000000000000e+01 -9.425202012062072754e-01 5.677503719925880432e-02
0.000000000000000000e+00 0.000000000000000000e+00 2.000000000000000000e+05 -1.225000000000000000e+01 -9.425202012062072754e-01 5.677503719925880432e-02
0.000000000000000000e+00 0.000000000000000000e+00 2.000000000000000000e+05 -1.225000000000000000e+01 -9.425202012062072754e-01 5.677503719925880432e-02
0.000000000000000000e+00 0.000000000000000000e+00 2.000000000000000000e+05 -1.225000000000000000e+01 -9.425202012062072754e-01 5.677503719925880432e-02
0.000000000000000000e+00 0.000000000000000000e+00 2.000000000000000000e+05 -1.225000000000000000e+01 -9.425202012062072754e-01 5.677503719925880432e-02
0.000000000000000000e+00 0.000000000000000000e+00 2.000000000000000000e+05 -1.225000000000000000e+01 -9.425202012062072754e-01 5.677503719925880432e-02
0.000000000000000000e+00 0.000000000000000000e+00 2.000000000000000000e+05 -1.225000000000000000e+01 -9.425202012062072754e-01 5.677503719925880432e-02
0.000000000000000000e+00 0.000000000000000000e+00 2.000000000000000000e+05 -1.225000000000000000e+01 -9.425202012062072754e-01 5.677503719925880432e-02
0.000000000000000000e+00 0.000000000000000000e+00 2.000000000000000000e+05 -1.225000000000000000e+01 -9.425202012062072754e-01 5.677503719925880432e-02
0.000000000000000000e+00 0.000000000000000000e+00 2.000000000000000000e+05 -1.225000000000000000e+01 -9.425202012062072754e-01 5.677503719925880432e-02
0.000000000000000000e+00 0.000000000000000000e+00 2.000000000000000000e+05 -1.225000000000000000e+01 -9.425202012062072754e-01 5.677503719925880432e-02
0.000000000000000000e+00 0.000000000000000000e+00 2.000000000000000000e+05 -1.225000000000000000e+01 -9.425202012062072754e-01 5.677503719925880432e-02
0.000000000000000000e+00 0.000000000000000000e+00 2.000000000000000000e+05 -1.225000000000000000e+01 -9.425202012062072754e-01 5.677503719925880432e-02
0.000000000000000000e+00 0.000000000000000000e+00 2.000000000000000000e+05 -1.225000000000000000e+01 -9.425202012062072754e-01 5.677503719925880432e-02
0.000000000000000000e+00 0.000000000000000000e+00 2.000000000000000000e+05 -1.225000000000000000e+01 -9.425202012062072754e-01 5.677503719925880432e-02
0.000000000000000000e+00 0.000000000000000000e+00 2.000000000000000000e+05 -1.225000000000000000e+01 -9.425202012062072754e-01 5.677503719925880432e-02
0.000000000000000000e+00 0.000000000000000000e+00 2.000000000000000000e+05 -1.225000000000000000e+01 -9.425202012062072754e-01 5.677503719925880432e-02
0.000000000000000000e+00 0.000000000000000000e+00 2.000000000000000000e+05 -1.225000000000000000e+01 -9.425202012062072754e-01 5.677503719925880432e-02
0.000000000000000000e+00 0.000000000000000000e+00 2.000000000000000000e+05 -1.225000000000000000e+01 -9.425202012062072754e-01 5.677503719925880432e-02
0.000000000000000000e+00 0.000000000000000000e+00 2.000000000000000000e+05 -1.225000000000000000e+01 -9.425202012062072754e-01 5.677503719925880432e-02
0.000000000000000000e+00 0.000000000000000000e+00 2.000000000000000000e+05 -1.225000000000000000e+01 -9.425202012062072754e-01 5.677503719925880432e-02
0.000000000000000000e+00 0.000000000000000000e+00 2.000000000000000000e+05 -1.225000000000000000e+01 -9.425202012062072754e-01 5.677503719925880432e-02
0.000000000000000000e+00 0.000000000000000000e+00 2.000000000000000000e+05 -1.225000000000000000e+01 -9.425202012062072754e-01 5.677503719925880432e-02
0.000000000000000000e+00 0.000000000000000000e+00 2.000000000000000000e+05 -1.225000000000000000e+01 -9.425202012062072754e-01 5.677503719925880432e-02
0.000000000000000000e+00 0.000000000000000000e+00 2.000000000000000000e+05 -1.225000000000000000e+01 -9.425202012062072754e-01 5.677503719925880432e-02
0.000000000000000000e+00 0.000000000000000000e+00 2.000000000000000000e+05 -1.225000000000000000e+01 -9.425202012062072754e-01 5.677503719925880432e-02
0.000000000000000000e+00 0.000000000000000000e+00 2.000000000000000000e+05 -1.225000000000000000e+01 -9.425202012062072754e-01 5.677503719925880432e-02
0.000000000000000000e+00 0.000000000000000000e+00 2.000000000000000000e+05 -1.225000000000000000e+01 -9.425202012062072754e-01 5.677503719925880432e-02
0.000000000000000000e+00 0.000000000000000000e+00 2.000000000000000000e+05 -1.225000000000000000e+01 -9.425202012062072754e-01 5.677503719925880432e-02
0.000000000000000000e+00 0.000000000000000000e+00 2.000000000000000000e+05 -1.225000000000000000e+01 -9.425202012062072754e-01 5.677503719925880432e-02
0.000000000000000000e+00 0.000000000000000000e+00 2.000000000000000000e+05 -1.225000000000000000e+01 -9.425202012062072754e-01 5.677503719925880432e-02
0.000000000000000000e+00 0.000000000000000000e+00 2.000000000000000000e+05 -1.225000000000000000e+01 -9.425202012062072754e-01 5.677503719925880432e-02
0.000000000000000000e+00 0.000000000000000000e+00 2.000000000000000000e+05 -1.225000000000000000e+01 -9.425202012062072754e-01 5.677503719925880432e-02
0.000000000000000000e+00 0.000000000000000000e+00 2.000000000000000000e+05 -1.225000000000000000e+01 -9.425202012062072754e-01 5.677503719925880432e-02
0.000000000000000000e+00 0.000000000000000000e+00 2.000000000000000000e+05 -1.225000000000000000e+01 -9.425202012062072754e-01 5.677503719925880432e-02
