1.000000000000000000e+00 2.520000000000000104e-03 1.000000000000000000e+06 3.000000000000000000e+00 3.105999999999999872e-01 9.020000000000000240e-03
9.499999999999999556e-01 1.612999999999999851e-02 1.000000000000000000e+06 3.000000000000000000e+00 3.105999999999999872e-01 9.020000000000000240e-03
9.000000000000000222e-01 2.895999999999999963e-02 1.000000000000000000e+06 3.000000000000000000e+00 3.105999999999999872e-01 9.020000000000000240e-03
8.000000000000000444e-01 5.247000000000000275e-02 1.000000000000000000e+06 3.000000000000000000e+00 3.105999999999999872e-01 9.020000000000000240e-03
6.999999999999999556e-01 7.327999999999999792e-02 1.000000000000000000e+06 3.000000000000000000e+00 3.105999999999999872e-01 9.020000000000000240e-03
5.999999999999999778e-01 9.127000000000000390e-02 1.000000000000000000e+06 3.000000000000000000e+00 3.105999999999999872e-01 9.020000000000000240e-03
5.000000000000000000e-01 1.058800000000000019e-01 1.000000000000000000e+06 3.000000000000000000e+00 3.105999999999999872e-01 9.020000000000000240e-03
4.000000000000000222e-01 1.160700000000000065e-01 1.000000000000000000e+06 3.000000000000000000e+00 3.105999999999999872e-01 9.020000000000000240e-03
2.999999999999999889e-01 1.200399999999999939e-01 1.000000000000000000e+06 3.000000000000000000e+00 3.105999999999999872e-01 9.020000000000000240e-03
2.500000000000000000e-01 1.188300000000000051e-01 1.000000000000000000e+06 3.000000000000000000e+00 3.105999999999999872e-01 9.020000000000000240e-03
2.000000000000000111e-01 1.147500000000000048e-01 1.000000000000000000e+06 3.000000000000000000e+00 3.105999999999999872e-01 9.020000000000000240e-03
1.499999999999999944e-01 1.069100000000000050e-01 1.000000000000000000e+06 3.000000000000000000e+00 3.105999999999999872e-01 9.020000000000000240e-03
1.000000000000000056e-01 9.364999999999999714e-02 1.000000000000000000e+06 3.000000000000000000e+00 3.105999999999999872e-01 9.020000000000000240e-03
7.499999999999999722e-02 8.400000000000000522e-02 1.000000000000000000e+06 3.000000000000000000e+00 3.105999999999999872e-01 9.020000000000000240e-03
5.000000000000000278e-02 7.109000000000000041e-02 1.000000000000000000e+06 3.000000000000000000e+00 3.105999999999999872e-01 9.020000000000000240e-03
2.500000000000000139e-02 5.229000000000000314e-02 1.000000000000000000e+06 3.000000000000000000e+00 3.105999999999999872e-01 9.020000000000000240e-03
1.250000000000000069e-02 3.787999999999999701e-02 1.000000000000000000e+06 3.000000000000000000e+00 3.105999999999999872e-01 9.020000000000000240e-03
0.000000000000000000e+00 0.000000000000000000e+00 1.000000000000000000e+06 3.000000000000000000e+00 3.105999999999999872e-01 9.020000000000000240e-03
1.250000000000000069e-02 -3.787999999999999701e-02 1.000000000000000000e+06 3.000000000000000000e+00 3.105999999999999872e-01 9.020000000000000240e-03
2.500000000000000139e-02 -5.229000000000000314e-02 1.000000000000000000e+06 3.000000000000000000e+00 3.105999999999999872e-01 9.020000000000000240e-03
5.000000000000000278e-02 -7.109000000000000041e-02 1.000000000000000000e+06 3.000000000000000000e+00 3.105999999999999872e-01 9.020000000000000240e-03
7.499999999999999722e-02 -8.400000000000000522e-02 1.000000000000000000e+06 3.000000000000000000e+00 3.105999999999999872e-01 9.020000000000000240e-03
1.000000000000000056e-01 -9.364999999999999714e-02 1.000000000000000000e+06 3.000000000000000000e+00 3.105999999999999872e-01 9.020000000000000240e-03
1.499999999999999944e-01 -1.069100000000000050e-01 1.000000000000000000e+06 3.000000000000000000e+00 3.105999999999999872e-01 9.020000000000000240e-03
2.000000000000000111e-01 -1.147500000000000048e-01 1.000000000000000000e+06 3.000000000000000000e+00 3.105999999999999872e-01 9.020000000000000240e-03
2.500000000000000000e-01 -1.188300000000000051e-01 1.000000000000000000e+06 3.000000000000000000e+00 3.105999999999999872e-01 9.020000000000000240e-03
2.999999999999999889e-01 -1.200399999999999939e-01 1.000000000000000000e+06 3.000000000000000000e+00 3.105999999999999872e-01 9.020000000000000240e-03
4.000000000000000222e-01 -1.160700000000000065e-01 1.000000000000000000e+06 3.000000000000000000e+00 3.105999999999999872e-01 9.020000000000000240e-03
5.000000000000000000e-01 -1.058800000000000019e-01 1.000000000000000000e+06 3.000000000000000000e+00 3.105999999999999872e-01 9.020000000000000240e-03
5.999999999999999778e-01 -9.127000000000000390e-02 1.000000000000000000e+06 3.000000000000000000e+00 3.105999999999999872e-01 9.020000000000000240e-03
6.999999999999999556e-01 -7.327999999999999792e-02 1.000000000000000000e+06 3.000000000000000000e+00 3.105999999999999872e-01 9.020000000000000240e-03
8.000000000000000444e-01 -5.247000000000000275e-02 1.000000000000000000e+06 3.000000000000000000e+00 3.105999999999999872e-01 9.020000000000000240e-03
9.000000000000000222e-01 -2.895999999999999963e-02 1.000000000000000000e+06 3.000000000000000000e+00 3.105999999999999872e-01 9.020000000000000240e-03
9.499999999999999556e-01 -1.612999999999999851e-02 1.000000000000000000e+06 3.000000000000000000e+00 3.105999999999999872e-01 9.020000000000000240e-03
1.000000000000000000e+00 -2.520000000000000104e-03 1.000000000000000000e+06 3.000000000000000000e+00 3.105999999999999872e-01 9.020000000000000240e-03
