1.000000000000000000e+00 1.300000003539025784e-03 5.000000000000000000e+04 1.200000000000000000e+01 1.374617695808410645e+00 7.535456866025924683e-02
9.499999880790710449e-01 1.470000017434358597e-02 5.000000000000000000e+04 1.200000000000000000e+01 1.374617695808410645e+00 7.535456866025924683e-02
8.999999761581420898e-01 2.710000053048133850e-02 5.000000000000000000e+04 1.200000000000000000e+01 1.374617695808410645e+00 7.535456866025924683e-02
8.000000119209289551e-01 4.890000075101852417e-02 5.000000000000000000e+04 1.200000000000000000e+01 1.374617695808410645e+00 7.535456866025924683e-02
6.999999880790710449e-01 6.689999997615814209e-02 5.000000000000000000e+04 1.200000000000000000e+01 1.374617695808410645e+00 7.535456866025924683e-02
6.000000238418579102e-01 8.139999955892562866e-02 5.000000000000000000e+04 1.200000000000000000e+01 1.374617695808410645e+00 7.535456866025924683e-02
5.000000000000000000e-01 9.189999848604202271e-02 5.000000000000000000e+04 1.200000000000000000e+01 1.374617695808410645e+00 7.535456866025924683e-02
4.000000059604644775e-01 9.799999743700027466e-02 5.000000000000000000e+04 1.200000000000000000e+01 1.374617695808410645e+00 7.535456866025924683e-02
3.000000119209289551e-01 9.759999811649322510e-02 5.000000000000000000e+04 1.200000000000000000e+01 1.374617695808410645e+00 7.535456866025924683e-02
2.500000000000000000e-01 9.409999847412109375e-02 5.000000000000000000e+04 1.200000000000000000e+01 1.374617695808410645e+00 7.535456866025924683e-02
2.000000029802322388e-01 8.799999952316284180e-02 5.000000000000000000e+04 1.200000000000000000e+01 1.374617695808410645e+00 7.535456866025924683e-02
1.500000059604644775e-01 7.890000194311141968e-02 5.000000000000000000e+04 1.200000000000000000e+01 1.374617695808410645e+00 7.535456866025924683e-02
1.000000014901161194e-01 6.589999794960021973e-02 5.000000000000000000e+04 1.200000000000000000e+01 1.374617695808410645e+00 7.535456866025924683e-02
7.500000298023223877e-02 5.759999901056289673e-02 5.000000000000000000e+04 1.200000000000000000e+01 1.374617695808410645e+00 7.535456866025924683e-02
5.000000074505805969e-02 4.729999974370002747e-02 5.000000000000000000e+04 1.200000000000000000e+01 1.374617695808410645e+00 7.535456866025924683e-02
2.500000037252902985e-02 3.390000015497207642e-02 5.000000000000000000e+04 1.200000000000000000e+01 1.374617695808410645e+00 7.535456866025924683e-02
1.250000018626451492e-02 2.439999952912330627e-02 5.000000000000000000e+04 1.200000000000000000e+01 1.374617695808410645e+00 7.535456866025924683e-02
0.000000000000000000e+00 0.000000000000000000e+00 5.000000000000000000e+04 1.200000000000000000e+01 1.374617695808410645e+00 7.535456866025924683e-02
1.250000018626451492e-02 -1.429999992251396179e-02 5.000000000000000000e+04 1.200000000000000000e+01 1.374617695808410645e+00 7.535456866025924683e-02
2.500000037252902985e-02 -1.950000040233135223e-02 5.000000000000000000e+04 1.200000000000000000e+01 1.374617695808410645e+00 7.535456866025924683e-02
5.000000074505805969e-02 -2.490000054240226746e-02 5.000000000000000000e+04 1.200000000000000000e+01 1.374617695808410645e+00 7.535456866025924683e-02
7.500000298023223877e-02 -2.740000002086162567e-02 5.000000000000000000e+04 1.200000000000000000e+01 1.374617695808410645e+00 7.535456866025924683e-02
1.000000014901161194e-01 -2.859999984502792358e-02 5.000000000000000000e+04 1.200000000000000000e+01 1.374617695808410645e+00 7.535456866025924683e-02
1.500000059604644775e-01 -2.879999950528144836e-02 5.000000000000000000e+04 1.200000000000000000e+01 1.374617695808410645e+00 7.535456866025924683e-02
2.000000029802322388e-01 -2.740000002086162567e-02 5.000000000000000000e+04 1.200000000000000000e+01 1.374617695808410645e+00 7.535456866025924683e-02
2.500000000000000000e-01 -2.500000037252902985e-02 5.000000000000000000e+04 1.200000000000000000e+01 1.374617695808410645e+00 7.535456866025924683e-02
3.000000119209289551e-01 -2.260000072419643402e-02 5.000000000000000000e+04 1.200000000000000000e+01 1.374617695808410645e+00 7.535456866025924683e-02
4.000000059604644775e-01 -1.799999922513961792e-02 5.000000000000000000e+04 1.200000000000000000e+01 1.374617695808410645e+00 7.535456866025924683e-02
5.000000000000000000e-01 -1.400000043213367462e-02 5.000000000000000000e+04 1.200000000000000000e+01 1.374617695808410645e+00 7.535456866025924683e-02
6.000000238418579102e-01 -9.999999776482582092e-03 5.000000000000000000e+04 1.200000000000000000e+01 1.374617695808410645e+00 7.535456866025924683e-02
6.999999880790710449e-01 -6.500000134110450745e-03 5.000000000000000000e+04 1.200000000000000000e+01 1.374617695808410645e+00 7.535456866025924683e-02
8.000000119209289551e-01 -3.899999894201755524e-03 5.000000000000000000e+04 1.200000000000000000e+01 1.374617695808410645e+00 7.535456866025924683e-02
8.999999761581420898e-01 -2.199999988079071045e-03 5.000000000000000000e+04 1.200000000000000000e+01 1.374617695808410645e+00 7.535456866025924683e-02
9.499999880790710449e-01 -1.599999959580600262e-03 5.000000000000000000e+04 1.200000000000000000e+01 1.374617695808410645e+00 7.535456866025924683e-02
1.000000000000000000e+00 -1.300000003539025784e-03 5.000000000000000000e+04 1.200000000000000000e+01 1.374617695808410645e+00 7.535456866025924683e-02
0.000000000000000000e+00 0.000000000000000000e+00 5.000000000000000000e+04 1.200000000000000000e+01 1.374617695808410645e+00 7.535456866025924683e-02
0.000000000000000000e+00 0.000000000000000000e+00 5.000000000000000000e+04 1.200000000000000000e+01 1.374617695808410645e+00 7.535456866025924683e-02
0.000000000000000000e+00 0.000000000000000000e+00 5.000000000000000000e+04 1.200000000000000000e+01 1.374617695808410645e+00 7.535456866025924683e-02
0.000000000000000000e+00 0.000000000000000000e+00 5.000000000000000000e+04 1.200000000000000000e+01 1.374617695808410645e+00 7.535456866025924683e-02
0.000000000000000000e+00 0.000000000000000000e+00 5.000000000000000000e+04 1.200000000000000000e+01 1.374617695808410645e+00 7.535456866025924683e-02
0.000000000000000000e+00 0.000000000000000000e+00 5.000000000000000000e+04 1.200000000000000000e+01 1.374617695808410645e+00 7.535456866025924683e-02
0.000000000000000000e+00 0.000000000000000000e+00 5.000000000000000000e+04 1.200000000000000000e+01 1.374617695808410645e+00 7.535456866025924683e-02
0.000000000000000000e+00 0.000000000000000000e+00 5.000000000000000000e+04 1.200000000000000000e+01 1.374617695808410645e+00 7.535456866025924683e-02
0.000000000000000000e+00 0.000000000000000000e+00 5.000000000000000000e+04 1.200000000000000000e+01 1.374617695808410645e+00 7.535456866025924683e-02
0.000000000000000000e+00 0.000000000000000000e+00 5.000000000000000000e+04 1.200000000000000000e+01 1.374617695808410645e+00 7.535456866025924683e-02
0.000000000000000000e+00 0.000000000000000000e+00 5.000000000000000000e+04 1.200000000000000000e+01 1.374617695808410645e+00 7.535456866025924683e-02
0.000000000000000000e+00 0.000000000000000000e+00 5.000000000000000000e+04 1.200000000000000000e+01 1.374617695808410645e+00 7.535456866025924683e-02
0.000000000000000000e+00 0.000000000000000000e+00 5.000000000000000000e+04 1.200000000000000000e+01 1.374617695808410645e+00 7.535456866025924683e-02
0.000000000000000000e+00 0.000000000000000000e+00 5.000000000000000000e+04 1.200000000000000000e+01 1.374617695808410645e+00 7.535456866025924683e-02
0.000000000000000000e+00 0.000000000000000000e+00 5.000000000000000000e+04 1.200000000000000000e+01 1.374617695808410645e+00 7.535456866025924683e-02
0.000000000000000000e+00 0.000000000000000000e+00 5.000000000000000000e+04 1.200000000000000000e+01 1.374617695808410645e+00 7.535456866025924683e-02
0.000000000000000000e+00 0.000000000000000000e+00 5.000000000000000000e+04 1.200000000000000000e+01 1.374617695808410645e+00 7.535456866025924683e-02
0.000000000000000000e+00 0.000000000000000000e+00 5.000000000000000000e+04 1.200000000000000000e+01 1.374617695808410645e+00 7.535456866025924683e-02
0.000000000000000000e+00 0.000000000000000000e+00 5.000000000000000000e+04 1.200000000000000000e+01 1.374617695808410645e+00 7.535456866025924683e-02
0.000000000000000000e+00 0.000000000000000000e+00 5.000000000000000000e+04 1.200000000000000000e+01 1.374617695808410645e+00 7.535456866025924683e-02
0.000000000000000000e+00 0.000000000000000000e+00 5.000000000000000000e+04 1.200000000000000000e+01 1.374617695808410645e+00 7.535456866025924683e-02
0.000000000000000000e+00 0.000000000000000000e+00 5.000000000000000000e+04 1.200000000000000000e+01 1.374617695808410645e+00 7.535456866025924683e-02
0.000000000000000000e+00 0.000000000000000000e+00 5.000000000000000000e+04 1.200000000000000000e+01 1.374617695808410645e+00 7.535456866025924683e-02
0.000000000000000000e+00 0.000000000000000000e+00 5.000000000000000000e+04 1.200000000000000000e+01 1.374617695808410645e+00 7.535456866025924683e-02
0.000000000000000000e+00 0.000000000000000000e+00 5.000000000000000000e+04 1.200000000000000000e+01 1.374617695808410645e+00 7.535456866025924683e-02
0.000000000000000000e+00 0.000000000000000000e+00 5.000000000000000000e+04 1.200000000000000000e+01 1.374617695808410645e+00 7.535456866025924683e-02
0.000000000000000000e+00 0.000000000000000000e+00 5.000000000000000000e+04 1.200000000000000000e+01 1.374617695808410645e+00 7.535456866025924683e-02
0.000000000000000000e+00 0.000000000000000000e+00 5.000000000000000000e+04 1.200000000000000000e+01 1.374617695808410645e+00 7.535456866025924683e-02
0.000000000000000000e+00 0.000000000000000000e+00 5.000000000000000000e+04 1.200000000000000000e+01 1.374617695808410645e+00 7.535456866025924683e-02
0.000000000000000000e+00 0.000000000000000000e+00 5.000000000000000000e+04 1.200000000000000000e+01 1.374617695808410645e+00 7.535456866025924683e-02
0.000000000000000000e+00 0.000000000000000000e+00 5.000000000000000000e+04 1.200000000000000000e+01 1.374617695808410645e+00 7.535456866025924683e-02
0.000000000000000000e+00 0.000000000000000000e+00 5.000000000000000000e+04 1.200000000000000000e+01 1.374617695808410645e+00 7.535456866025924683e-02
0.000000000000000000e+00 0.000000000000000000e+00 5.000000000000000000e+04 1.200000000000000000e+01 1.374617695808410645e+00 7.535456866025924683e-02
0.000000000000000000e+00 0.000000000000000000e+00 5.000000000000000000e+04 1.200000000000000000e+01 1.374617695808410645e+00 7.535456866025924683e-02
