1.000000000000000000e+00 1.049999962560832500e-03 5.000000000000000000e+04 7.000000000000000000e+00 8.504624366760253906e-01 1.729302294552326202e-02
9.502099752426147461e-01 8.320000022649765015e-03 5.000000000000000000e+04 7.000000000000000000e+00 8.504624366760253906e-01 1.729302294552326202e-02
9.003400206565856934e-01 1.513000018894672394e-02 5.000000000000000000e+04 7.000000000000000000e+00 8.504624366760253906e-01 1.729302294552326202e-02
8.004900217056274414e-01 2.741000056266784668e-02 5.000000000000000000e+04 7.000000000000000000e+00 8.504624366760253906e-01 1.729302294552326202e-02
7.005100250244140625e-01 3.804000094532966614e-02 5.000000000000000000e+04 7.000000000000000000e+00 8.504624366760253906e-01 1.729302294552326202e-02
6.004199981689453125e-01 4.692000150680541992e-02 5.000000000000000000e+04 7.000000000000000000e+00 8.504624366760253906e-01 1.729302294552326202e-02
5.002499818801879883e-01 5.384999886155128479e-02 5.000000000000000000e+04 7.000000000000000000e+00 8.504624366760253906e-01 1.729302294552326202e-02
4.000000059604644775e-01 5.835999920964241028e-02 5.000000000000000000e+04 7.000000000000000000e+00 8.504624366760253906e-01 1.729302294552326202e-02
2.993699908256530762e-01 5.939999967813491821e-02 5.000000000000000000e+04 7.000000000000000000e+00 8.504624366760253906e-01 1.729302294552326202e-02
2.490700036287307739e-01 5.809000134468078613e-02 5.000000000000000000e+04 7.000000000000000000e+00 8.504624366760253906e-01 1.729302294552326202e-02
1.987999975681304932e-01 5.530999973416328430e-02 5.000000000000000000e+04 7.000000000000000000e+00 8.504624366760253906e-01 1.729302294552326202e-02
1.486099958419799805e-01 5.062000080943107605e-02 5.000000000000000000e+04 7.000000000000000000e+00 8.504624366760253906e-01 1.729302294552326202e-02
9.854000061750411987e-02 4.337999969720840454e-02 5.000000000000000000e+04 7.000000000000000000e+00 8.504624366760253906e-01 1.729302294552326202e-02
7.357999682426452637e-02 3.836999833583831787e-02 5.000000000000000000e+04 7.000000000000000000e+00 8.504624366760253906e-01 1.729302294552326202e-02
4.870000109076499939e-02 3.193999826908111572e-02 5.000000000000000000e+04 7.000000000000000000e+00 8.504624366760253906e-01 1.729302294552326202e-02
2.397999912500381470e-02 2.297000028192996979e-02 5.000000000000000000e+04 7.000000000000000000e+00 8.504624366760253906e-01 1.729302294552326202e-02
1.173999998718500137e-02 1.638999953866004944e-02 5.000000000000000000e+04 7.000000000000000000e+00 8.504624366760253906e-01 1.729302294552326202e-02
0.000000000000000000e+00 0.000000000000000000e+00 5.000000000000000000e+04 7.000000000000000000e+00 8.504624366760253906e-01 1.729302294552326202e-02
1.326000038534402847e-02 -1.515000034123659134e-02 5.000000000000000000e+04 7.000000000000000000e+00 8.504624366760253906e-01 1.729302294552326202e-02
2.601999975740909576e-02 -2.054999954998493195e-02 5.000000000000000000e+04 7.000000000000000000e+00 8.504624366760253906e-01 1.729302294552326202e-02
5.130000039935112000e-02 -2.725999988615512848e-02 5.000000000000000000e+04 7.000000000000000000e+00 8.504624366760253906e-01 1.729302294552326202e-02
7.642000168561935425e-02 -3.156999871134757996e-02 5.000000000000000000e+04 7.000000000000000000e+00 8.504624366760253906e-01 1.729302294552326202e-02
1.014600023627281189e-01 -3.461999818682670593e-02 5.000000000000000000e+04 7.000000000000000000e+00 8.504624366760253906e-01 1.729302294552326202e-02
1.513900011777877808e-01 -3.844000026583671570e-02 5.000000000000000000e+04 7.000000000000000000e+00 8.504624366760253906e-01 1.729302294552326202e-02
2.011999934911727905e-01 -4.030999913811683655e-02 5.000000000000000000e+04 7.000000000000000000e+00 8.504624366760253906e-01 1.729302294552326202e-02
2.509300112724304199e-01 -4.091000184416770935e-02 5.000000000000000000e+04 7.000000000000000000e+00 8.504624366760253906e-01 1.729302294552326202e-02
3.006300032138824463e-01 -4.064000025391578674e-02 5.000000000000000000e+04 7.000000000000000000e+00 8.504624366760253906e-01 1.729302294552326202e-02
4.000000059604644775e-01 -3.936000168323516846e-02 5.000000000000000000e+04 7.000000000000000000e+00 8.504624366760253906e-01 1.729302294552326202e-02
4.997499883174896240e-01 -3.438999876379966736e-02 5.000000000000000000e+04 7.000000000000000000e+00 8.504624366760253906e-01 1.729302294552326202e-02
5.995799899101257324e-01 -2.913999930024147034e-02 5.000000000000000000e+04 7.000000000000000000e+00 8.504624366760253906e-01 1.729302294552326202e-02
6.994900107383728027e-01 -2.304000034928321838e-02 5.000000000000000000e+04 7.000000000000000000e+00 8.504624366760253906e-01 1.729302294552326202e-02
7.995100021362304688e-01 -1.628999970853328705e-02 5.000000000000000000e+04 7.000000000000000000e+00 8.504624366760253906e-01 1.729302294552326202e-02
8.996599912643432617e-01 -9.010000154376029968e-03 5.000000000000000000e+04 7.000000000000000000e+00 8.504624366760253906e-01 1.729302294552326202e-02
9.497900009155273438e-01 -5.119999870657920837e-03 5.000000000000000000e+04 7.000000000000000000e+00 8.504624366760253906e-01 1.729302294552326202e-02
1.000000000000000000e+00 -1.049999962560832500e-03 5.000000000000000000e+04 7.000000000000000000e+00 8.504624366760253906e-01 1.729302294552326202e-02
0.000000000000000000e+00 0.000000000000000000e+00 5.000000000000000000e+04 7.000000000000000000e+00 8.504624366760253906e-01 1.729302294552326202e-02
0.000000000000000000e+00 0.000000000000000000e+00 5.000000000000000000e+04 7.000000000000000000e+00 8.504624366760253906e-01 1.729302294552326202e-02
0.000000000000000000e+00 0.000000000000000000e+00 5.000000000000000000e+04 7.000000000000000000e+00 8.504624366760253906e-01 1.729302294552326202e-02
0.000000000000000000e+00 0.000000000000000000e+00 5.000000000000000000e+04 7.000000000000000000e+00 8.504624366760253906e-01 1.729302294552326202e-02
0.000000000000000000e+00 0.000000000000000000e+00 5.000000000000000000e+04 7.000000000000000000e+00 8.504624366760253906e-01 1.729302294552326202e-02
0.000000000000000000e+00 0.000000000000000000e+00 5.000000000000000000e+04 7.000000000000000000e+00 8.504624366760253906e-01 1.729302294552326202e-02
0.000000000000000000e+00 0.000000000000000000e+00 5.000000000000000000e+04 7.000000000000000000e+00 8.504624366760253906e-01 1.729302294552326202e-02
0.000000000000000000e+00 0.000000000000000000e+00 5.000000000000000000e+04 7.000000000000000000e+00 8.504624366760253906e-01 1.729302294552326202e-02
0.000000000000000000e+00 0.000000000000000000e+00 5.000000000000000000e+04 7.000000000000000000e+00 8.504624366760253906e-01 1.729302294552326202e-02
0.000000000000000000e+00 0.000000000000000000e+00 5.000000000000000000e+04 7.000000000000000000e+00 8.504624366760253906e-01 1.729302294552326202e-02
0.000000000000000000e+00 0.000000000000000000e+00 5.000000000000000000e+04 7.000000000000000000e+00 8.504624366760253906e-01 1.729302294552326202e-02
0.000000000000000000e+00 0.000000000000000000e+00 5.000000000000000000e+04 7.000000000000000000e+00 8.504624366760253906e-01 1.729302294552326202e-02
0.000000000000000000e+00 0.000000000000000000e+00 5.000000000000000000e+04 7.000000000000000000e+00 8.504624366760253906e-01 1.729302294552326202e-02
0.000000000000000000e+00 0.000000000000000000e+00 5.000000000000000000e+04 7.000000000000000000e+00 8.504624366760253906e-01 1.729302294552326202e-02
0.000000000000000000e+00 0.000000000000000000e+00 5.000000000000000000e+04 7.000000000000000000e+00 8.504624366760253906e-01 1.729302294552326202e-02
0.000000000000000000e+00 0.000000000000000000e+00 5.000000000000000000e+04 7.000000000000000000e+00 8.504624366760253906e-01 1.729302294552326202e-02
0.000000000000000000e+00 0.000000000000000000e+00 5.000000000000000000e+04 7.000000000000000000e+00 8.504624366760253906e-01 1.729302294552326202e-02
0.000000000000000000e+00 0.000000000000000000e+00 5.000000000000000000e+04 7.000000000000000000e+00 8.504624366760253906e-01 1.729302294552326202e-02
0.000000000000000000e+00 0.000000000000000000e+00 5.000000000000000000e+04 7.000000000000000000e+00 8.504624366760253906e-01 1.729302294552326202e-02
0.000000000000000000e+00 0.000000000000000000e+00 5.000000000000000000e+04 7.000000000000000000e+00 8.504624366760253906e-01 1.729302294552326202e-02
0.000000000000000000e+00 0.000000000000000000e+00 5.000000000000000000e+04 7.000000000000000000e+00 8.504624366760253906e-01 1.729302294552326202e-02
0.000000000000000000e+00 0.000000000000000000e+00 5.000000000000000000e+04 7.000000000000000000e+00 8.504624366760253906e-01 1.729302294552326202e-02
0.000000000000000000e+00 0.000000000000000000e+00 5.000000000000000000e+04 7.000000000000000000e+00 8.504624366760253906e-01 1.729302294552326202e-02
0.000000000000000000e+00 0.000000000000000000e+00 5.000000000000000000e+04 7.000000000000000000e+00 8.504624366760253906e-01 1.729302294552326202e-02
0.000000000000000000e+00 0.000000000000000000e+00 5.000000000000000000e+04 7.000000000000000000e+00 8.504624366760253906e-01 1.729302294552326202e-02
0.000000000000000000e+00 0.000000000000000000e+00 5.000000000000000000e+04 7.000000000000000000e+00 8.504624366760253906e-01 1.729302294552326202e-02
0.000000000000000000e+00 0.000000000000000000e+00 5.000000000000000000e+04 7.000000000000000000e+00 8.504624366760253906e-01 1.729302294552326202e-02
0.000000000000000000e+00 0.000000000000000000e+00 5.000000000000000000e+04 7.000000000000000000e+00 8.504624366760253906e-01 1.729302294552326202e-02
0.000000000000000000e+00 0.000000000000000000e+00 5.000000000000000000e+04 7.000000000000000000e+00 8.504624366760253906e-01 1.729302294552326202e-02
0.000000000000000000e+00 0.000000000000000000e+00 5.000000000000000000e+04 7.000000000000000000e+00 8.504624366760253906e-01 1.729302294552326202e-02
0.000000000000000000e+00 0.000000000000000000e+00 5.000000000000000000e+04 7.000000000000000000e+00 8.504624366760253906e-01 1.729302294552326202e-02
0.000000000000000000e+00 0.000000000000000000e+00 5.000000000000000000e+04 7.000000000000000000e+00 8.504624366760253906e-01 1.729302294552326202e-02
0.000000000000000000e+00 0.000000000000000000e+00 5.000000000000000000e+04 7.000000000000000000e+00 8.504624366760253906e-01 1.729302294552326202e-02
0.000000000000000000e+00 0.000000000000000000e+00 5.000000000000000000e+04 7.000000000000000000e+00 8.504624366760253906e-01 1.729302294552326202e-02
