1.000030040740966797e+00 1.260000048205256462e-03 2.000000000000000000e+05 -5.750000000000000000e+00 -6.110870242118835449e-01 3.192421421408653259e-02
9.973000288009643555e-01 1.700000022538006306e-03 2.000000000000000000e+05 -5.750000000000000000e+00 -6.110870242118835449e-01 3.192421421408653259e-02
9.891399741172790527e-01 3.019999945536255836e-03 2.000000000000000000e+05 -5.750000000000000000e+00 -6.110870242118835449e-01 3.192421421408653259e-02
9.756299853324890137e-01 5.179999861866235733e-03 2.000000000000000000e+05 -5.750000000000000000e+00 -6.110870242118835449e-01 3.192421421408653259e-02
9.569299817085266113e-01 8.120000362396240234e-03 2.000000000000000000e+05 -5.750000000000000000e+00 -6.110870242118835449e-01 3.192421421408653259e-02
9.332399964332580566e-01 1.176000013947486877e-02 2.000000000000000000e+05 -5.750000000000000000e+00 -6.110870242118835449e-01 3.192421421408653259e-02
9.048200249671936035e-01 1.601999998092651367e-02 2.000000000000000000e+05 -5.750000000000000000e+00 -6.110870242118835449e-01 3.192421421408653259e-02
8.719699978828430176e-01 2.078999951481819153e-02 2.000000000000000000e+05 -5.750000000000000000e+00 -6.110870242118835449e-01 3.192421421408653259e-02
8.350600004196166992e-01 2.597000077366828918e-02 2.000000000000000000e+05 -5.750000000000000000e+00 -6.110870242118835449e-01 3.192421421408653259e-02
7.944899797439575195e-01 3.144999966025352478e-02 2.000000000000000000e+05 -5.750000000000000000e+00 -6.110870242118835449e-01 3.192421421408653259e-02
7.506999969482421875e-01 3.711999952793121338e-02 2.000000000000000000e+05 -5.750000000000000000e+00 -6.110870242118835449e-01 3.192421421408653259e-02
7.041699886322021484e-01 4.284999892115592957e-02 2.000000000000000000e+05 -5.750000000000000000e+00 -6.110870242118835449e-01 3.192421421408653259e-02
6.554099917411804199e-01 4.853999987244606018e-02 2.000000000000000000e+05 -5.750000000000000000e+00 -6.110870242118835449e-01 3.192421421408653259e-02
6.049600243568420410e-01 5.404999852180480957e-02 2.000000000000000000e+05 -5.750000000000000000e+00 -6.110870242118835449e-01 3.192421421408653259e-02
5.533499717712402344e-01 5.923999845981597900e-02 2.000000000000000000e+05 -5.750000000000000000e+00 -6.110870242118835449e-01 3.192421421408653259e-02
5.011699795722961426e-01 6.396999955177307129e-02 2.000000000000000000e+05 -5.750000000000000000e+00 -6.110870242118835449e-01 3.192421421408653259e-02
4.489699900150299072e-01 6.810999661684036255e-02 2.000000000000000000e+05 -5.750000000000000000e+00 -6.110870242118835449e-01 3.192421421408653259e-02
3.973299860954284668e-01 7.150000333786010742e-02 2.000000000000000000e+05 -5.750000000000000000e+00 -6.110870242118835449e-01 3.192421421408653259e-02
3.468100130558013916e-01 7.401999831199645996e-02 2.000000000000000000e+05 -5.750000000000000000e+00 -6.110870242118835449e-01 3.192421421408653259e-02
2.979600131511688232e-01 7.553999871015548706e-02 2.000000000000000000e+05 -5.750000000000000000e+00 -6.110870242118835449e-01 3.192421421408653259e-02
2.513099908828735352e-01 7.597000151872634888e-02 2.000000000000000000e+05 -5.750000000000000000e+00 -6.110870242118835449e-01 3.192421421408653259e-02
2.073799967765808105e-01 7.524000108242034912e-02 2.000000000000000000e+05 -5.750000000000000000e+00 -6.110870242118835449e-01 3.192421421408653259e-02
1.660400032997131348e-01 7.320000231266021729e-02 2.000000000000000000e+05 -5.750000000000000000e+00 -6.110870242118835449e-01 3.192421421408653259e-02
1.273200064897537231e-01 6.915000081062316895e-02 2.000000000000000000e+05 -5.750000000000000000e+00 -6.110870242118835449e-01 3.192421421408653259e-02
9.229999780654907227e-02 6.265000253915786743e-02 2.000000000000000000e+05 -5.750000000000000000e+00 -6.110870242118835449e-01 3.192421421408653259e-02
6.202999874949455261e-02 5.381999909877777100e-02 2.000000000000000000e+05 -5.750000000000000000e+00 -6.110870242118835449e-01 3.192421421408653259e-02
3.730000182986259460e-02 4.323999956250190735e-02 2.000000000000000000e+05 -5.750000000000000000e+00 -6.110870242118835449e-01 3.192421421408653259e-02
1.865000091493129730e-02 3.175999969244003296e-02 2.000000000000000000e+05 -5.750000000000000000e+00 -6.110870242118835449e-01 3.192421421408653259e-02
6.279999855905771255e-03 2.030000090599060059e-02 2.000000000000000000e+05 -5.750000000000000000e+00 -6.110870242118835449e-01 3.192421421408653259e-02
1.500000071246176958e-04 9.560000151395797729e-03 2.000000000000000000e+05 -5.750000000000000000e+00 -6.110870242118835449e-01 3.192421421408653259e-02
0.000000000000000000e+00 0.000000000000000000e+00 2.000000000000000000e+05 -5.750000000000000000e+00 -6.110870242118835449e-01 3.192421421408653259e-02
5.330000072717666626e-03 -7.919999770820140839e-03 2.000000000000000000e+05 -5.750000000000000000e+00 -6.110870242118835449e-01 3.192421421408653259e-02
1.556999981403350830e-02 -1.401000004261732101e-02 2.000000000000000000e+05 -5.750000000000000000e+00 -6.110870242118835449e-01 3.192421421408653259e-02
3.029000014066696167e-02 -1.869999989867210388e-02 2.000000000000000000e+05 -5.750000000000000000e+00 -6.110870242118835449e-01 3.192421421408653259e-02
4.915000125765800476e-02 -2.247999981045722961e-02 2.000000000000000000e+05 -5.750000000000000000e+00 -6.110870242118835449e-01 3.192421421408653259e-02
7.195000350475311279e-02 -2.586000040173530579e-02 2.000000000000000000e+05 -5.750000000000000000e+00 -6.110870242118835449e-01 3.192421421408653259e-02
9.867999702692031860e-02 -2.921999990940093994e-02 2.000000000000000000e+05 -5.750000000000000000e+00 -6.110870242118835449e-01 3.192421421408653259e-02
1.295399963855743408e-01 -3.282000124454498291e-02 2.000000000000000000e+05 -5.750000000000000000e+00 -6.110870242118835449e-01 3.192421421408653259e-02
1.648299992084503174e-01 -3.660000115633010864e-02 2.000000000000000000e+05 -5.750000000000000000e+00 -6.110870242118835449e-01 3.192421421408653259e-02
2.048300057649612427e-01 -4.016000032424926758e-02 2.000000000000000000e+05 -5.750000000000000000e+00 -6.110870242118835449e-01 3.192421421408653259e-02
2.486899942159652710e-01 -4.283000156283378601e-02 2.000000000000000000e+05 -5.750000000000000000e+00 -6.110870242118835449e-01 3.192421421408653259e-02
2.953099906444549561e-01 -4.445999860763549805e-02 2.000000000000000000e+05 -5.750000000000000000e+00 -6.110870242118835449e-01 3.192421421408653259e-02
3.441799879074096680e-01 -4.509999975562095642e-02 2.000000000000000000e+05 -5.750000000000000000e+00 -6.110870242118835449e-01 3.192421421408653259e-02
3.947600126266479492e-01 -4.481999948620796204e-02 2.000000000000000000e+05 -5.750000000000000000e+00 -6.110870242118835449e-01 3.192421421408653259e-02
4.465000033378601074e-01 -4.371000081300735474e-02 2.000000000000000000e+05 -5.750000000000000000e+00 -6.110870242118835449e-01 3.192421421408653259e-02
4.988299906253814697e-01 -4.188000038266181946e-02 2.000000000000000000e+05 -5.750000000000000000e+00 -6.110870242118835449e-01 3.192421421408653259e-02
5.511699914932250977e-01 -3.945000097155570984e-02 2.000000000000000000e+05 -5.750000000000000000e+00 -6.110870242118835449e-01 3.192421421408653259e-02
6.029599905014038086e-01 -3.655000030994415283e-02 2.000000000000000000e+05 -5.750000000000000000e+00 -6.110870242118835449e-01 3.192421421408653259e-02
6.535999774932861328e-01 -3.327000141143798828e-02 2.000000000000000000e+05 -5.750000000000000000e+00 -6.110870242118835449e-01 3.192421421408653259e-02
7.025700211524963379e-01 -2.975000068545341492e-02 2.000000000000000000e+05 -5.750000000000000000e+00 -6.110870242118835449e-01 3.192421421408653259e-02
7.493000030517578125e-01 -2.607000060379505157e-02 2.000000000000000000e+05 -5.750000000000000000e+00 -6.110870242118835449e-01 3.192421421408653259e-02
7.932999730110168457e-01 -2.235000021755695343e-02 2.000000000000000000e+05 -5.750000000000000000e+00 -6.110870242118835449e-01 3.192421421408653259e-02
8.340700268745422363e-01 -1.865999959409236908e-02 2.000000000000000000e+05 -5.750000000000000000e+00 -6.110870242118835449e-01 3.192421421408653259e-02
8.711799979209899902e-01 -1.511999964714050293e-02 2.000000000000000000e+05 -5.750000000000000000e+00 -6.110870242118835449e-01 3.192421421408653259e-02
9.042000174522399902e-01 -1.180000044405460358e-02 2.000000000000000000e+05 -5.750000000000000000e+00 -6.110870242118835449e-01 3.192421421408653259e-02
9.327899813652038574e-01 -8.799999952316284180e-03 2.000000000000000000e+05 -5.750000000000000000e+00 -6.110870242118835449e-01 3.192421421408653259e-02
9.566100239753723145e-01 -6.209999788552522659e-03 2.000000000000000000e+05 -5.750000000000000000e+00 -6.110870242118835449e-01 3.192421421408653259e-02
9.754300117492675781e-01 -4.100000020116567612e-03 2.000000000000000000e+05 -5.750000000000000000e+00 -6.110870242118835449e-01 3.192421421408653259e-02
9.890099763870239258e-01 -2.540000015869736671e-03 2.000000000000000000e+05 -5.750000000000000000e+00 -6.110870242118835449e-01 3.192421421408653259e-02
9.972199797630310059e-01 -1.580000040121376514e-03 2.000000000000000000e+05 -5.750000000000000000e+00 -6.110870242118835449e-01 3.192421421408653259e-02
9.999700188636779785e-01 -1.260000048205256462e-03 2.000000000000000000e+05 -5.750000000000000000e+00 -6.110870242118835449e-01 3.192421421408653259e-02
0.000000000000000000e+00 0.000000000000000000e+00 2.000000000000000000e+05 -5.750000000000000000e+00 -6.110870242118835449e-01 3.192421421408653259e-02
0.000000000000000000e+00 0.000000000000000000e+00 2.000000000000000000e+05 -5.750000000000000000e+00 -6.110870242118835449e-01 3.192421421408653259e-02
0.000000000000000000e+00 0.000000000000000000e+00 2.000000000000000000e+05 -5.750000000000000000e+00 -6.110870242118835449e-01 3.192421421408653259e-02
0.000000000000000000e+00 0.000000000000000000e+00 2.000000000000000000e+05 -5.750000000000000000e+00 -6.110870242118835449e-01 3.192421421408653259e-02
0.000000000000000000e+00 0.000000000000000000e+00 2.000000000000000000e+05 -5.750000000000000000e+00 -6.110870242118835449e-01 3.192421421408653259e-02
0.000000000000000000e+00 0.000000000000000000e+00 2.000000000000000000e+05 -5.750000000000000000e+00 -6.110870242118835449e-01 3.192421421408653259e-02
0.000000000000000000e+00 0.000000000000000000e+00 2.000000000000000000e+05 -5.750000000000000000e+00 -6.110870242118835449e-01 3.192421421408653259e-02
0.000000000000000000e+00 0.000000000000000000e+00 2.000000000000000000e+05 -5.750000000000000000e+00 -6.110870242118835449e-01 3.192421421408653259e-02
