1.000029999999999974e+00 1.260000000000000052e-03 5.000000000000000000e+05 1.575000000000000000e+01 1.393199999999999994e+00 5.383000000000000285e-02
9.972999999999999643e-01 1.699999999999999905e-03 5.000000000000000000e+05 1.575000000000000000e+01 1.393199999999999994e+00 5.383000000000000285e-02
9.891400000000000192e-01 3.020000000000000115e-03 5.000000000000000000e+05 1.575000000000000000e+01 1.393199999999999994e+00 5.383000000000000285e-02
9.756299999999999972e-01 5.179999999999999709e-03 5.000000000000000000e+05 1.575000000000000000e+01 1.393199999999999994e+00 5.383000000000000285e-02
9.569299999999999473e-01 8.120000000000000481e-03 5.000000000000000000e+05 1.575000000000000000e+01 1.393199999999999994e+00 5.383000000000000285e-02
9.332399999999999585e-01 1.175999999999999962e-02 5.000000000000000000e+05 1.575000000000000000e+01 1.393199999999999994e+00 5.383000000000000285e-02
9.048199999999999577e-01 1.601999999999999952e-02 5.000000000000000000e+05 1.575000000000000000e+01 1.393199999999999994e+00 5.383000000000000285e-02
8.719700000000000228e-01 2.078999999999999945e-02 5.000000000000000000e+05 1.575000000000000000e+01 1.393199999999999994e+00 5.383000000000000285e-02
8.350600000000000245e-01 2.597000000000000003e-02 5.000000000000000000e+05 1.575000000000000000e+01 1.393199999999999994e+00 5.383000000000000285e-02
7.944900000000000295e-01 3.144999999999999879e-02 5.000000000000000000e+05 1.575000000000000000e+01 1.393199999999999994e+00 5.383000000000000285e-02
7.507000000000000339e-01 3.712000000000000022e-02 5.000000000000000000e+05 1.575000000000000000e+01 1.393199999999999994e+00 5.383000000000000285e-02
7.041699999999999626e-01 4.284999999999999920e-02 5.000000000000000000e+05 1.575000000000000000e+01 1.393199999999999994e+00 5.383000000000000285e-02
6.554100000000000481e-01 4.853999999999999981e-02 5.000000000000000000e+05 1.575000000000000000e+01 1.393199999999999994e+00 5.383000000000000285e-02
6.049600000000000533e-01 5.405000000000000082e-02 5.000000000000000000e+05 1.575000000000000000e+01 1.393199999999999994e+00 5.383000000000000285e-02
5.533500000000000085e-01 5.924000000000000099e-02 5.000000000000000000e+05 1.575000000000000000e+01 1.393199999999999994e+00 5.383000000000000285e-02
5.011700000000000044e-01 6.396999999999999909e-02 5.000000000000000000e+05 1.575000000000000000e+01 1.393199999999999994e+00 5.383000000000000285e-02
4.489699999999999802e-01 6.811000000000000387e-02 5.000000000000000000e+05 1.575000000000000000e+01 1.393199999999999994e+00 5.383000000000000285e-02
3.973300000000000165e-01 7.149999999999999412e-02 5.000000000000000000e+05 1.575000000000000000e+01 1.393199999999999994e+00 5.383000000000000285e-02
3.468100000000000072e-01 7.402000000000000246e-02 5.000000000000000000e+05 1.575000000000000000e+01 1.393199999999999994e+00 5.383000000000000285e-02
2.979600000000000026e-01 7.553999999999999604e-02 5.000000000000000000e+05 1.575000000000000000e+01 1.393199999999999994e+00 5.383000000000000285e-02
2.513099999999999778e-01 7.596999999999999587e-02 5.000000000000000000e+05 1.575000000000000000e+01 1.393199999999999994e+00 5.383000000000000285e-02
2.073800000000000088e-01 7.524000000000000132e-02 5.000000000000000000e+05 1.575000000000000000e+01 1.393199999999999994e+00 5.383000000000000285e-02
1.660399999999999932e-01 7.320000000000000118e-02 5.000000000000000000e+05 1.575000000000000000e+01 1.393199999999999994e+00 5.383000000000000285e-02
1.273199999999999887e-01 6.915000000000000313e-02 5.000000000000000000e+05 1.575000000000000000e+01 1.393199999999999994e+00 5.383000000000000285e-02
9.229999999999999316e-02 6.264999999999999736e-02 5.000000000000000000e+05 1.575000000000000000e+01 1.393199999999999994e+00 5.383000000000000285e-02
6.203000000000000180e-02 5.381999999999999978e-02 5.000000000000000000e+05 1.575000000000000000e+01 1.393199999999999994e+00 5.383000000000000285e-02
3.729999999999999982e-02 4.324000000000000066e-02 5.000000000000000000e+05 1.575000000000000000e+01 1.393199999999999994e+00 5.383000000000000285e-02
1.864999999999999991e-02 3.175999999999999657e-02 5.000000000000000000e+05 1.575000000000000000e+01 1.393199999999999994e+00 5.383000000000000285e-02
6.279999999999999992e-03 2.029999999999999860e-02 5.000000000000000000e+05 1.575000000000000000e+01 1.393199999999999994e+00 5.383000000000000285e-02
1.499999999999999869e-04 9.560000000000000789e-03 5.000000000000000000e+05 1.575000000000000000e+01 1.393199999999999994e+00 5.383000000000000285e-02
0.000000000000000000e+00 0.000000000000000000e+00 5.000000000000000000e+05 1.575000000000000000e+01 1.393199999999999994e+00 5.383000000000000285e-02
5.329999999999999669e-03 -7.919999999999999957e-03 5.000000000000000000e+05 1.575000000000000000e+01 1.393199999999999994e+00 5.383000000000000285e-02
1.557000000000000051e-02 -1.400999999999999988e-02 5.000000000000000000e+05 1.575000000000000000e+01 1.393199999999999994e+00 5.383000000000000285e-02
3.029000000000000095e-02 -1.870000000000000134e-02 5.000000000000000000e+05 1.575000000000000000e+01 1.393199999999999994e+00 5.383000000000000285e-02
4.914999999999999925e-02 -2.247999999999999998e-02 5.000000000000000000e+05 1.575000000000000000e+01 1.393199999999999994e+00 5.383000000000000285e-02
7.195000000000000007e-02 -2.586000000000000104e-02 5.000000000000000000e+05 1.575000000000000000e+01 1.393199999999999994e+00 5.383000000000000285e-02
9.868000000000000382e-02 -2.921999999999999945e-02 5.000000000000000000e+05 1.575000000000000000e+01 1.393199999999999994e+00 5.383000000000000285e-02
1.295399999999999885e-01 -3.282000000000000195e-02 5.000000000000000000e+05 1.575000000000000000e+01 1.393199999999999994e+00 5.383000000000000285e-02
1.648300000000000043e-01 -3.660000000000000059e-02 5.000000000000000000e+05 1.575000000000000000e+01 1.393199999999999994e+00 5.383000000000000285e-02
2.048300000000000121e-01 -4.016000000000000125e-02 5.000000000000000000e+05 1.575000000000000000e+01 1.393199999999999994e+00 5.383000000000000285e-02
2.486899999999999944e-01 -4.283000000000000002e-02 5.000000000000000000e+05 1.575000000000000000e+01 1.393199999999999994e+00 5.383000000000000285e-02
2.953100000000000169e-01 -4.445999999999999952e-02 5.000000000000000000e+05 1.575000000000000000e+01 1.393199999999999994e+00 5.383000000000000285e-02
3.441799999999999859e-01 -4.510000000000000120e-02 5.000000000000000000e+05 1.575000000000000000e+01 1.393199999999999994e+00 5.383000000000000285e-02
3.947599999999999998e-01 -4.481999999999999873e-02 5.000000000000000000e+05 1.575000000000000000e+01 1.393199999999999994e+00 5.383000000000000285e-02
4.465000000000000080e-01 -4.370999999999999885e-02 5.000000000000000000e+05 1.575000000000000000e+01 1.393199999999999994e+00 5.383000000000000285e-02
4.988299999999999956e-01 -4.188000000000000056e-02 5.000000000000000000e+05 1.575000000000000000e+01 1.393199999999999994e+00 5.383000000000000285e-02
5.511700000000000488e-01 -3.944999999999999896e-02 5.000000000000000000e+05 1.575000000000000000e+01 1.393199999999999994e+00 5.383000000000000285e-02
6.029600000000000515e-01 -3.654999999999999916e-02 5.000000000000000000e+05 1.575000000000000000e+01 1.393199999999999994e+00 5.383000000000000285e-02
6.535999999999999588e-01 -3.327000000000000096e-02 5.000000000000000000e+05 1.575000000000000000e+01 1.393199999999999994e+00 5.383000000000000285e-02
7.025700000000000278e-01 -2.974999999999999867e-02 5.000000000000000000e+05 1.575000000000000000e+01 1.393199999999999994e+00 5.383000000000000285e-02
7.492999999999999661e-01 -2.606999999999999942e-02 5.000000000000000000e+05 1.575000000000000000e+01 1.393199999999999994e+00 5.383000000000000285e-02
7.933000000000000052e-01 -2.234999999999999834e-02 5.000000000000000000e+05 1.575000000000000000e+01 1.393199999999999994e+00 5.383000000000000285e-02
8.340699999999999781e-01 -1.865999999999999950e-02 5.000000000000000000e+05 1.575000000000000000e+01 1.393199999999999994e+00 5.383000000000000285e-02
8.711799999999999544e-01 -1.511999999999999976e-02 5.000000000000000000e+05 1.575000000000000000e+01 1.393199999999999994e+00 5.383000000000000285e-02
9.042000000000000037e-01 -1.179999999999999973e-02 5.000000000000000000e+05 1.575000000000000000e+01 1.393199999999999994e+00 5.383000000000000285e-02
9.327900000000000080e-01 -8.800000000000000530e-03 5.000000000000000000e+05 1.575000000000000000e+01 1.393199999999999994e+00 5.383000000000000285e-02
9.566099999999999604e-01 -6.210000000000000242e-03 5.000000000000000000e+05 1.575000000000000000e+01 1.393199999999999994e+00 5.383000000000000285e-02
9.754300000000000193e-01 -4.100000000000000346e-03 5.000000000000000000e+05 1.575000000000000000e+01 1.393199999999999994e+00 5.383000000000000285e-02
9.890099999999999447e-01 -2.540000000000000157e-03 5.000000000000000000e+05 1.575000000000000000e+01 1.393199999999999994e+00 5.383000000000000285e-02
9.972199999999999953e-01 -1.580000000000000024e-03 5.000000000000000000e+05 1.575000000000000000e+01 1.393199999999999994e+00 5.383000000000000285e-02
9.999700000000000255e-01 -1.260000000000000052e-03 5.000000000000000000e+05 1.575000000000000000e+01 1.393199999999999994e+00 5.383000000000000285e-02
