1.000000000000000000e+00 1.469999999999999953e-03 1.000000000000000000e+05 -1.025000000000000000e+01 -7.536000000000000476e-01 5.736999999999999739e-02
9.973899999999999988e-01 2.099999999999999870e-03 1.000000000000000000e+05 -1.025000000000000000e+01 -7.536000000000000476e-01 5.736999999999999739e-02
9.892900000000000027e-01 3.959999999999999978e-03 1.000000000000000000e+05 -1.025000000000000000e+01 -7.536000000000000476e-01 5.736999999999999739e-02
9.758700000000000152e-01 7.000000000000000146e-03 1.000000000000000000e+05 -1.025000000000000000e+01 -7.536000000000000476e-01 5.736999999999999739e-02
9.572899999999999743e-01 1.111999999999999968e-02 1.000000000000000000e+05 -1.025000000000000000e+01 -7.536000000000000476e-01 5.736999999999999739e-02
9.337199999999999944e-01 1.619999999999999912e-02 1.000000000000000000e+05 -1.025000000000000000e+01 -7.536000000000000476e-01 5.736999999999999739e-02
9.054200000000000026e-01 2.206999999999999934e-02 1.000000000000000000e+05 -1.025000000000000000e+01 -7.536000000000000476e-01 5.736999999999999739e-02
8.726699999999999458e-01 2.857000000000000164e-02 1.000000000000000000e+05 -1.025000000000000000e+01 -7.536000000000000476e-01 5.736999999999999739e-02
8.358200000000000074e-01 3.552000000000000296e-02 1.000000000000000000e+05 -1.025000000000000000e+01 -7.536000000000000476e-01 5.736999999999999739e-02
7.952700000000000324e-01 4.274000000000000021e-02 1.000000000000000000e+05 -1.025000000000000000e+01 -7.536000000000000476e-01 5.736999999999999739e-02
7.514300000000000423e-01 5.004000000000000115e-02 1.000000000000000000e+05 -1.025000000000000000e+01 -7.536000000000000476e-01 5.736999999999999739e-02
7.047999999999999821e-01 5.723000000000000309e-02 1.000000000000000000e+05 -1.025000000000000000e+01 -7.536000000000000476e-01 5.736999999999999739e-02
6.558599999999999985e-01 6.411999999999999644e-02 1.000000000000000000e+05 -1.025000000000000000e+01 -7.536000000000000476e-01 5.736999999999999739e-02
6.051499999999999657e-01 7.052999999999999547e-02 1.000000000000000000e+05 -1.025000000000000000e+01 -7.536000000000000476e-01 5.736999999999999739e-02
5.532399999999999540e-01 7.628999999999999670e-02 1.000000000000000000e+05 -1.025000000000000000e+01 -7.536000000000000476e-01 5.736999999999999739e-02
5.006899999999999684e-01 8.119999999999999440e-02 1.000000000000000000e+05 -1.025000000000000000e+01 -7.536000000000000476e-01 5.736999999999999739e-02
4.480799999999999783e-01 8.512000000000000122e-02 1.000000000000000000e+05 -1.025000000000000000e+01 -7.536000000000000476e-01 5.736999999999999739e-02
3.959799999999999986e-01 8.787000000000000366e-02 1.000000000000000000e+05 -1.025000000000000000e+01 -7.536000000000000476e-01 5.736999999999999739e-02
3.445400000000000129e-01 8.913000000000000089e-02 1.000000000000000000e+05 -1.025000000000000000e+01 -7.536000000000000476e-01 5.736999999999999739e-02
2.948200000000000265e-01 8.866000000000000270e-02 1.000000000000000000e+05 -1.025000000000000000e+01 -7.536000000000000476e-01 5.736999999999999739e-02
2.474000000000000088e-01 8.644999999999999907e-02 1.000000000000000000e+05 -1.025000000000000000e+01 -7.536000000000000476e-01 5.736999999999999739e-02
2.028500000000000025e-01 8.254999999999999838e-02 1.000000000000000000e+05 -1.025000000000000000e+01 -7.536000000000000476e-01 5.736999999999999739e-02
1.616900000000000004e-01 7.706999999999999962e-02 1.000000000000000000e+05 -1.025000000000000000e+01 -7.536000000000000476e-01 5.736999999999999739e-02
1.243999999999999967e-01 7.013999999999999402e-02 1.000000000000000000e+05 -1.025000000000000000e+01 -7.536000000000000476e-01 5.736999999999999739e-02
9.141000000000000514e-02 6.198000000000000037e-02 1.000000000000000000e+05 -1.025000000000000000e+01 -7.536000000000000476e-01 5.736999999999999739e-02
6.310000000000000331e-02 5.281000000000000277e-02 1.000000000000000000e+05 -1.025000000000000000e+01 -7.536000000000000476e-01 5.736999999999999739e-02
3.976999999999999980e-02 4.288999999999999757e-02 1.000000000000000000e+05 -1.025000000000000000e+01 -7.536000000000000476e-01 5.736999999999999739e-02
2.164999999999999911e-02 3.244999999999999968e-02 1.000000000000000000e+05 -1.025000000000000000e+01 -7.536000000000000476e-01 5.736999999999999739e-02
8.920000000000000845e-03 2.171000000000000013e-02 1.000000000000000000e+05 -1.025000000000000000e+01 -7.536000000000000476e-01 5.736999999999999739e-02
1.690000000000000096e-03 1.085000000000000027e-02 1.000000000000000000e+05 -1.025000000000000000e+01 -7.536000000000000476e-01 5.736999999999999739e-02
0.000000000000000000e+00 0.000000000000000000e+00 1.000000000000000000e+05 -1.025000000000000000e+01 -7.536000000000000476e-01 5.736999999999999739e-02
3.789999999999999966e-03 -1.030999999999999972e-02 1.000000000000000000e+05 -1.025000000000000000e+01 -7.536000000000000476e-01 5.736999999999999739e-02
1.293000000000000052e-02 -1.956000000000000100e-02 1.000000000000000000e+05 -1.025000000000000000e+01 -7.536000000000000476e-01 5.736999999999999739e-02
2.730000000000000135e-02 -2.769999999999999893e-02 1.000000000000000000e+05 -1.025000000000000000e+01 -7.536000000000000476e-01 5.736999999999999739e-02
4.669000000000000233e-02 -3.470999999999999780e-02 1.000000000000000000e+05 -1.025000000000000000e+01 -7.536000000000000476e-01 5.736999999999999739e-02
7.087000000000000244e-02 -4.053999999999999965e-02 1.000000000000000000e+05 -1.025000000000000000e+01 -7.536000000000000476e-01 5.736999999999999739e-02
9.957000000000000572e-02 -4.515999999999999875e-02 1.000000000000000000e+05 -1.025000000000000000e+01 -7.536000000000000476e-01 5.736999999999999739e-02
1.324599999999999944e-01 -4.857999999999999818e-02 1.000000000000000000e+05 -1.025000000000000000e+01 -7.536000000000000476e-01 5.736999999999999739e-02
1.691799999999999971e-01 -5.081999999999999712e-02 1.000000000000000000e+05 -1.025000000000000000e+01 -7.536000000000000476e-01 5.736999999999999739e-02
2.093700000000000006e-01 -5.195000000000000312e-02 1.000000000000000000e+05 -1.025000000000000000e+01 -7.536000000000000476e-01 5.736999999999999739e-02
2.525999999999999912e-01 -5.208000000000000129e-02 1.000000000000000000e+05 -1.025000000000000000e+01 -7.536000000000000476e-01 5.736999999999999739e-02
2.984399999999999831e-01 -5.133000000000000063e-02 1.000000000000000000e+05 -1.025000000000000000e+01 -7.536000000000000476e-01 5.736999999999999739e-02
3.464400000000000257e-01 -4.986999999999999766e-02 1.000000000000000000e+05 -1.025000000000000000e+01 -7.536000000000000476e-01 5.736999999999999739e-02
3.961100000000000176e-01 -4.787000000000000283e-02 1.000000000000000000e+05 -1.025000000000000000e+01 -7.536000000000000476e-01 5.736999999999999739e-02
4.473900000000000099e-01 -4.537000000000000061e-02 1.000000000000000000e+05 -1.025000000000000000e+01 -7.536000000000000476e-01 5.736999999999999739e-02
4.993099999999999761e-01 -4.232000000000000345e-02 1.000000000000000000e+05 -1.025000000000000000e+01 -7.536000000000000476e-01 5.736999999999999739e-02
5.512899999999999467e-01 -3.885999999999999871e-02 1.000000000000000000e+05 -1.025000000000000000e+01 -7.536000000000000476e-01 5.736999999999999739e-02
6.027599999999999625e-01 -3.515999999999999681e-02 1.000000000000000000e+05 -1.025000000000000000e+01 -7.536000000000000476e-01 5.736999999999999739e-02
6.531599999999999628e-01 -3.132000000000000062e-02 1.000000000000000000e+05 -1.025000000000000000e+01 -7.536000000000000476e-01 5.736999999999999739e-02
7.019400000000000084e-01 -2.744999999999999871e-02 1.000000000000000000e+05 -1.025000000000000000e+01 -7.536000000000000476e-01 5.736999999999999739e-02
7.485699999999999577e-01 -2.365000000000000088e-02 1.000000000000000000e+05 -1.025000000000000000e+01 -7.536000000000000476e-01 5.736999999999999739e-02
7.925200000000000022e-01 -1.998000000000000123e-02 1.000000000000000000e+05 -1.025000000000000000e+01 -7.536000000000000476e-01 5.736999999999999739e-02
8.333099999999999952e-01 -1.650000000000000078e-02 1.000000000000000000e+05 -1.025000000000000000e+01 -7.536000000000000476e-01 5.736999999999999739e-02
8.704800000000000315e-01 -1.328000000000000014e-02 1.000000000000000000e+05 -1.025000000000000000e+01 -7.536000000000000476e-01 5.736999999999999739e-02
9.035999999999999588e-01 -1.034999999999999983e-02 1.000000000000000000e+05 -1.025000000000000000e+01 -7.536000000000000476e-01 5.736999999999999739e-02
9.323000000000000176e-01 -7.760000000000000404e-03 1.000000000000000000e+05 -1.025000000000000000e+01 -7.536000000000000476e-01 5.736999999999999739e-02
9.562599999999999989e-01 -5.570000000000000298e-03 1.000000000000000000e+05 -1.025000000000000000e+01 -7.536000000000000476e-01 5.736999999999999739e-02
9.751800000000000468e-01 -3.810000000000000019e-03 1.000000000000000000e+05 -1.025000000000000000e+01 -7.536000000000000476e-01 5.736999999999999739e-02
9.888599999999999612e-01 -2.520000000000000104e-03 1.000000000000000000e+05 -1.025000000000000000e+01 -7.536000000000000476e-01 5.736999999999999739e-02
9.971299999999999608e-01 -1.729999999999999984e-03 1.000000000000000000e+05 -1.025000000000000000e+01 -7.536000000000000476e-01 5.736999999999999739e-02
1.000000000000000000e+00 -1.469999999999999953e-03 1.000000000000000000e+05 -1.025000000000000000e+01 -7.536000000000000476e-01 5.736999999999999739e-02
