1.000250000000000083e+00 1.240000000000000000e-03 5.000000000000000000e+04 -5.250000000000000000e+00 -4.318000000000000171e-01 1.010699999999999932e-01
9.975800000000000223e-01 2.160000000000000028e-03 5.000000000000000000e+04 -5.250000000000000000e+00 -4.318000000000000171e-01 1.010699999999999932e-01
9.896099999999999897e-01 4.899999999999999842e-03 5.000000000000000000e+04 -5.250000000000000000e+00 -4.318000000000000171e-01 1.010699999999999932e-01
9.764000000000000457e-01 9.350000000000000672e-03 5.000000000000000000e+04 -5.250000000000000000e+00 -4.318000000000000171e-01 1.010699999999999932e-01
9.580800000000000427e-01 1.537999999999999957e-02 5.000000000000000000e+04 -5.250000000000000000e+00 -4.318000000000000171e-01 1.010699999999999932e-01
9.348100000000000298e-01 2.278000000000000164e-02 5.000000000000000000e+04 -5.250000000000000000e+00 -4.318000000000000171e-01 1.010699999999999932e-01
9.068199999999999594e-01 3.130000000000000143e-02 5.000000000000000000e+04 -5.250000000000000000e+00 -4.318000000000000171e-01 1.010699999999999932e-01
8.743600000000000261e-01 4.068000000000000088e-02 5.000000000000000000e+04 -5.250000000000000000e+00 -4.318000000000000171e-01 1.010699999999999932e-01
8.377700000000000147e-01 5.061999999999999833e-02 5.000000000000000000e+04 -5.250000000000000000e+00 -4.318000000000000171e-01 1.010699999999999932e-01
7.973999999999999977e-01 6.081999999999999906e-02 5.000000000000000000e+04 -5.250000000000000000e+00 -4.318000000000000171e-01 1.010699999999999932e-01
7.536599999999999966e-01 7.097000000000000530e-02 5.000000000000000000e+04 -5.250000000000000000e+00 -4.318000000000000171e-01 1.010699999999999932e-01
7.070199999999999818e-01 8.079000000000000070e-02 5.000000000000000000e+04 -5.250000000000000000e+00 -4.318000000000000171e-01 1.010699999999999932e-01
6.579700000000000548e-01 8.998000000000000442e-02 5.000000000000000000e+04 -5.250000000000000000e+00 -4.318000000000000171e-01 1.010699999999999932e-01
6.070299999999999585e-01 9.826999999999999624e-02 5.000000000000000000e+04 -5.250000000000000000e+00 -4.318000000000000171e-01 1.010699999999999932e-01
5.547699999999999854e-01 1.054299999999999959e-01 5.000000000000000000e+04 -5.250000000000000000e+00 -4.318000000000000171e-01 1.010699999999999932e-01
5.017599999999999838e-01 1.112400000000000055e-01 5.000000000000000000e+04 -5.250000000000000000e+00 -4.318000000000000171e-01 1.010699999999999932e-01
4.486299999999999732e-01 1.155400000000000038e-01 5.000000000000000000e+04 -5.250000000000000000e+00 -4.318000000000000171e-01 1.010699999999999932e-01
3.958699999999999997e-01 1.181699999999999973e-01 5.000000000000000000e+04 -5.250000000000000000e+00 -4.318000000000000171e-01 1.010699999999999932e-01
3.430599999999999761e-01 1.184100000000000014e-01 5.000000000000000000e+04 -5.250000000000000000e+00 -4.318000000000000171e-01 1.010699999999999932e-01
2.919900000000000273e-01 1.158300000000000024e-01 5.000000000000000000e+04 -5.250000000000000000e+00 -4.318000000000000171e-01 1.010699999999999932e-01
2.433599999999999930e-01 1.106000000000000039e-01 5.000000000000000000e+04 -5.250000000000000000e+00 -4.318000000000000171e-01 1.010699999999999932e-01
1.978000000000000036e-01 1.030200000000000005e-01 5.000000000000000000e+04 -5.250000000000000000e+00 -4.318000000000000171e-01 1.010699999999999932e-01
1.559200000000000030e-01 9.343999999999999528e-02 5.000000000000000000e+04 -5.250000000000000000e+00 -4.318000000000000171e-01 1.010699999999999932e-01
1.182499999999999940e-01 8.230999999999999428e-02 5.000000000000000000e+04 -5.250000000000000000e+00 -4.318000000000000171e-01 1.010699999999999932e-01
8.523999999999999633e-02 7.012000000000000177e-02 5.000000000000000000e+04 -5.250000000000000000e+00 -4.318000000000000171e-01 1.010699999999999932e-01
5.725999999999999840e-02 5.736000000000000126e-02 5.000000000000000000e+04 -5.250000000000000000e+00 -4.318000000000000171e-01 1.010699999999999932e-01
3.459999999999999881e-02 4.451999999999999708e-02 5.000000000000000000e+04 -5.250000000000000000e+00 -4.318000000000000171e-01 1.010699999999999932e-01
1.745000000000000023e-02 3.203999999999999904e-02 5.000000000000000000e+04 -5.250000000000000000e+00 -4.318000000000000171e-01 1.010699999999999932e-01
5.950000000000000427e-03 2.028999999999999901e-02 5.000000000000000000e+04 -5.250000000000000000e+00 -4.318000000000000171e-01 1.010699999999999932e-01
1.399999999999999877e-04 9.549999999999999462e-03 5.000000000000000000e+04 -5.250000000000000000e+00 -4.318000000000000171e-01 1.010699999999999932e-01
0.000000000000000000e+00 0.000000000000000000e+00 5.000000000000000000e+04 -5.250000000000000000e+00 -4.318000000000000171e-01 1.010699999999999932e-01
5.340000000000000129e-03 -7.919999999999999957e-03 5.000000000000000000e+04 -5.250000000000000000e+00 -4.318000000000000171e-01 1.010699999999999932e-01
1.590000000000000094e-02 -1.383000000000000028e-02 5.000000000000000000e+04 -5.250000000000000000e+00 -4.318000000000000171e-01 1.010699999999999932e-01
3.148999999999999716e-02 -1.780999999999999944e-02 5.000000000000000000e+04 -5.250000000000000000e+00 -4.318000000000000171e-01 1.010699999999999932e-01
5.186000000000000332e-02 -1.999000000000000082e-02 5.000000000000000000e+04 -5.250000000000000000e+00 -4.318000000000000171e-01 1.010699999999999932e-01
7.671999999999999653e-02 -2.053999999999999923e-02 5.000000000000000000e+04 -5.250000000000000000e+00 -4.318000000000000171e-01 1.010699999999999932e-01
1.057400000000000007e-01 -1.966999999999999998e-02 5.000000000000000000e+04 -5.250000000000000000e+00 -4.318000000000000171e-01 1.010699999999999932e-01
1.386100000000000110e-01 -1.762999999999999984e-02 5.000000000000000000e+04 -5.250000000000000000e+00 -4.318000000000000171e-01 1.010699999999999932e-01
1.749499999999999944e-01 -1.469999999999999953e-02 5.000000000000000000e+04 -5.250000000000000000e+00 -4.318000000000000171e-01 1.010699999999999932e-01
2.144099999999999895e-01 -1.120999999999999948e-02 5.000000000000000000e+04 -5.250000000000000000e+00 -4.318000000000000171e-01 1.010699999999999932e-01
2.566399999999999793e-01 -7.479999999999999670e-03 5.000000000000000000e+04 -5.250000000000000000e+00 -4.318000000000000171e-01 1.010699999999999932e-01
3.012699999999999823e-01 -3.840000000000000097e-03 5.000000000000000000e+04 -5.250000000000000000e+00 -4.318000000000000171e-01 1.010699999999999932e-01
3.479200000000000070e-01 -6.400000000000000524e-04 5.000000000000000000e+04 -5.250000000000000000e+00 -4.318000000000000171e-01 1.010699999999999932e-01
3.962200000000000166e-01 1.820000000000000003e-03 5.000000000000000000e+04 -5.250000000000000000e+00 -4.318000000000000171e-01 1.010699999999999932e-01
4.468500000000000250e-01 3.700000000000000164e-03 5.000000000000000000e+04 -5.250000000000000000e+00 -4.318000000000000171e-01 1.010699999999999932e-01
4.982400000000000162e-01 5.420000000000000338e-03 5.000000000000000000e+04 -5.250000000000000000e+00 -4.318000000000000171e-01 1.010699999999999932e-01
5.497600000000000264e-01 6.839999999999999726e-03 5.000000000000000000e+04 -5.250000000000000000e+00 -4.318000000000000171e-01 1.010699999999999932e-01
6.008799999999999697e-01 7.860000000000000667e-03 5.000000000000000000e+04 -5.250000000000000000e+00 -4.318000000000000171e-01 1.010699999999999932e-01
6.510500000000000176e-01 8.429999999999999993e-03 5.000000000000000000e+04 -5.250000000000000000e+00 -4.318000000000000171e-01 1.010699999999999932e-01
6.997200000000000086e-01 8.529999999999999388e-03 5.000000000000000000e+04 -5.250000000000000000e+00 -4.318000000000000171e-01 1.010699999999999932e-01
7.463400000000000034e-01 8.189999999999999364e-03 5.000000000000000000e+04 -5.250000000000000000e+00 -4.318000000000000171e-01 1.010699999999999932e-01
7.903900000000000370e-01 7.470000000000000077e-03 5.000000000000000000e+04 -5.250000000000000000e+00 -4.318000000000000171e-01 1.010699999999999932e-01
8.313700000000000534e-01 6.429999999999999952e-03 5.000000000000000000e+04 -5.250000000000000000e+00 -4.318000000000000171e-01 1.010699999999999932e-01
8.687799999999999967e-01 5.199999999999999761e-03 5.000000000000000000e+04 -5.250000000000000000e+00 -4.318000000000000171e-01 1.010699999999999932e-01
9.022000000000000020e-01 3.860000000000000150e-03 5.000000000000000000e+04 -5.250000000000000000e+00 -4.318000000000000171e-01 1.010699999999999932e-01
9.312099999999999822e-01 2.520000000000000104e-03 5.000000000000000000e+04 -5.250000000000000000e+00 -4.318000000000000171e-01 1.010699999999999932e-01
9.554599999999999760e-01 1.289999999999999914e-03 5.000000000000000000e+04 -5.250000000000000000e+00 -4.318000000000000171e-01 1.010699999999999932e-01
9.746500000000000163e-01 2.400000000000000061e-04 5.000000000000000000e+04 -5.250000000000000000e+00 -4.318000000000000171e-01 1.010699999999999932e-01
9.885399999999999743e-01 -5.699999999999999772e-04 5.000000000000000000e+04 -5.250000000000000000e+00 -4.318000000000000171e-01 1.010699999999999932e-01
9.969400000000000484e-01 -1.069999999999999988e-03 5.000000000000000000e+04 -5.250000000000000000e+00 -4.318000000000000171e-01 1.010699999999999932e-01
9.997500000000000275e-01 -1.240000000000000000e-03 5.000000000000000000e+04 -5.250000000000000000e+00 -4.318000000000000171e-01 1.010699999999999932e-01
1.000000000000000000e+00 0.000000000000000000e+00 5.000000000000000000e+04 -5.250000000000000000e+00 -4.318000000000000171e-01 1.010699999999999932e-01
