1.000000000000000000e+00 1.049999999999999935e-03 5.000000000000000000e+05 1.250000000000000000e+01 1.341099999999999959e+00 3.180000000000000188e-02
9.504099999999999770e-01 9.900000000000000813e-03 5.000000000000000000e+05 1.250000000000000000e+01 1.341099999999999959e+00 3.180000000000000188e-02
9.006699999999999706e-01 1.815999999999999906e-02 5.000000000000000000e+05 1.250000000000000000e+01 1.341099999999999959e+00 3.180000000000000188e-02
8.009699999999999598e-01 3.296000000000000318e-02 5.000000000000000000e+05 1.250000000000000000e+01 1.341099999999999959e+00 3.180000000000000188e-02
7.010199999999999765e-01 4.551000000000000184e-02 5.000000000000000000e+05 1.250000000000000000e+01 1.341099999999999959e+00 3.180000000000000188e-02
6.008499999999999952e-01 5.580000000000000238e-02 5.000000000000000000e+05 1.250000000000000000e+01 1.341099999999999959e+00 3.180000000000000188e-02
5.004899999999999904e-01 6.356000000000000538e-02 5.000000000000000000e+05 1.250000000000000000e+01 1.341099999999999959e+00 3.180000000000000188e-02
4.000000000000000222e-01 6.837000000000000022e-02 5.000000000000000000e+05 1.250000000000000000e+01 1.341099999999999959e+00 3.180000000000000188e-02
2.987500000000000155e-01 6.875000000000000555e-02 5.000000000000000000e+05 1.250000000000000000e+01 1.341099999999999959e+00 3.180000000000000188e-02
2.481399999999999995e-01 6.668000000000000316e-02 5.000000000000000000e+05 1.250000000000000000e+01 1.341099999999999959e+00 3.180000000000000188e-02
1.976100000000000079e-01 6.275999999999999635e-02 5.000000000000000000e+05 1.250000000000000000e+01 1.341099999999999959e+00 3.180000000000000188e-02
1.472199999999999898e-01 5.664999999999999897e-02 5.000000000000000000e+05 1.250000000000000000e+01 1.341099999999999959e+00 3.180000000000000188e-02
9.710000000000000575e-02 4.766000000000000097e-02 5.000000000000000000e+05 1.250000000000000000e+01 1.341099999999999959e+00 3.180000000000000188e-02
7.216999999999999804e-02 4.168999999999999789e-02 5.000000000000000000e+05 1.250000000000000000e+01 1.341099999999999959e+00 3.180000000000000188e-02
4.741999999999999688e-02 3.420000000000000123e-02 5.000000000000000000e+05 1.250000000000000000e+01 1.341099999999999959e+00 3.180000000000000188e-02
2.297000000000000083e-02 2.410999999999999949e-02 5.000000000000000000e+05 1.250000000000000000e+01 1.341099999999999959e+00 3.180000000000000188e-02
1.098000000000000018e-02 1.694000000000000020e-02 5.000000000000000000e+05 1.250000000000000000e+01 1.341099999999999959e+00 3.180000000000000188e-02
0.000000000000000000e+00 0.000000000000000000e+00 5.000000000000000000e+05 1.250000000000000000e+01 1.341099999999999959e+00 3.180000000000000188e-02
1.401999999999999948e-02 -1.447999999999999982e-02 5.000000000000000000e+05 1.250000000000000000e+01 1.341099999999999959e+00 3.180000000000000188e-02
2.702999999999999847e-02 -1.926999999999999894e-02 5.000000000000000000e+05 1.250000000000000000e+01 1.341099999999999959e+00 3.180000000000000188e-02
5.258000000000000174e-02 -2.481999999999999831e-02 5.000000000000000000e+05 1.250000000000000000e+01 1.341099999999999959e+00 3.180000000000000188e-02
7.782999999999999641e-02 -2.809000000000000039e-02 5.000000000000000000e+05 1.250000000000000000e+01 1.341099999999999959e+00 3.180000000000000188e-02
1.029000000000000054e-01 -3.015999999999999931e-02 5.000000000000000000e+05 1.250000000000000000e+01 1.341099999999999959e+00 3.180000000000000188e-02
1.527799999999999991e-01 -3.227000000000000007e-02 5.000000000000000000e+05 1.250000000000000000e+01 1.341099999999999959e+00 3.180000000000000188e-02
2.023899999999999866e-01 -3.275999999999999746e-02 5.000000000000000000e+05 1.250000000000000000e+01 1.341099999999999959e+00 3.180000000000000188e-02
2.518599999999999728e-01 -3.230000000000000232e-02 5.000000000000000000e+05 1.250000000000000000e+01 1.341099999999999959e+00 3.180000000000000188e-02
3.012500000000000178e-01 -3.125000000000000000e-02 5.000000000000000000e+05 1.250000000000000000e+01 1.341099999999999959e+00 3.180000000000000188e-02
4.000000000000000222e-01 -2.836999999999999938e-02 5.000000000000000000e+05 1.250000000000000000e+01 1.341099999999999959e+00 3.180000000000000188e-02
4.995100000000000096e-01 -2.468000000000000055e-02 5.000000000000000000e+05 1.250000000000000000e+01 1.341099999999999959e+00 3.180000000000000188e-02
5.991499999999999604e-01 -2.024000000000000105e-02 5.000000000000000000e+05 1.250000000000000000e+01 1.341099999999999959e+00 3.180000000000000188e-02
6.989800000000000457e-01 -1.550999999999999948e-02 5.000000000000000000e+05 1.250000000000000000e+01 1.341099999999999959e+00 3.180000000000000188e-02
7.990300000000000180e-01 -1.073999999999999955e-02 5.000000000000000000e+05 1.250000000000000000e+01 1.341099999999999959e+00 3.180000000000000188e-02
8.993299999999999628e-01 -5.939999999999999968e-03 5.000000000000000000e+05 1.250000000000000000e+01 1.341099999999999959e+00 3.180000000000000188e-02
9.495900000000000452e-01 -3.520000000000000125e-03 5.000000000000000000e+05 1.250000000000000000e+01 1.341099999999999959e+00 3.180000000000000188e-02
1.000000000000000000e+00 -1.049999999999999935e-03 5.000000000000000000e+05 1.250000000000000000e+01 1.341099999999999959e+00 3.180000000000000188e-02
