1.000000000000000000e+00 1.049999999999999935e-03 2.000000000000000000e+05 8.250000000000000000e+00 9.527999999999999803e-01 2.466000000000000136e-02
9.502099999999999991e-01 8.319999999999999271e-03 2.000000000000000000e+05 8.250000000000000000e+00 9.527999999999999803e-01 2.466000000000000136e-02
9.003400000000000292e-01 1.512999999999999935e-02 2.000000000000000000e+05 8.250000000000000000e+00 9.527999999999999803e-01 2.466000000000000136e-02
8.004900000000000349e-01 2.741000000000000034e-02 2.000000000000000000e+05 8.250000000000000000e+00 9.527999999999999803e-01 2.466000000000000136e-02
7.005099999999999660e-01 3.803999999999999743e-02 2.000000000000000000e+05 8.250000000000000000e+00 9.527999999999999803e-01 2.466000000000000136e-02
6.004199999999999537e-01 4.692000000000000337e-02 2.000000000000000000e+05 8.250000000000000000e+00 9.527999999999999803e-01 2.466000000000000136e-02
5.002499999999999725e-01 5.385000000000000203e-02 2.000000000000000000e+05 8.250000000000000000e+00 9.527999999999999803e-01 2.466000000000000136e-02
4.000000000000000222e-01 5.836000000000000215e-02 2.000000000000000000e+05 8.250000000000000000e+00 9.527999999999999803e-01 2.466000000000000136e-02
2.993700000000000250e-01 5.940000000000000141e-02 2.000000000000000000e+05 8.250000000000000000e+00 9.527999999999999803e-01 2.466000000000000136e-02
2.490700000000000136e-01 5.809000000000000274e-02 2.000000000000000000e+05 8.250000000000000000e+00 9.527999999999999803e-01 2.466000000000000136e-02
1.988000000000000045e-01 5.530999999999999805e-02 2.000000000000000000e+05 8.250000000000000000e+00 9.527999999999999803e-01 2.466000000000000136e-02
1.486099999999999921e-01 5.061999999999999833e-02 2.000000000000000000e+05 8.250000000000000000e+00 9.527999999999999803e-01 2.466000000000000136e-02
9.854000000000000259e-02 4.338000000000000189e-02 2.000000000000000000e+05 8.250000000000000000e+00 9.527999999999999803e-01 2.466000000000000136e-02
7.358000000000000651e-02 3.837000000000000133e-02 2.000000000000000000e+05 8.250000000000000000e+00 9.527999999999999803e-01 2.466000000000000136e-02
4.870000000000000023e-02 3.194000000000000311e-02 2.000000000000000000e+05 8.250000000000000000e+00 9.527999999999999803e-01 2.466000000000000136e-02
2.398000000000000131e-02 2.297000000000000083e-02 2.000000000000000000e+05 8.250000000000000000e+00 9.527999999999999803e-01 2.466000000000000136e-02
1.174000000000000044e-02 1.638999999999999832e-02 2.000000000000000000e+05 8.250000000000000000e+00 9.527999999999999803e-01 2.466000000000000136e-02
0.000000000000000000e+00 0.000000000000000000e+00 2.000000000000000000e+05 8.250000000000000000e+00 9.527999999999999803e-01 2.466000000000000136e-02
1.325999999999999922e-02 -1.515000000000000027e-02 2.000000000000000000e+05 8.250000000000000000e+00 9.527999999999999803e-01 2.466000000000000136e-02
2.602000000000000146e-02 -2.054999999999999882e-02 2.000000000000000000e+05 8.250000000000000000e+00 9.527999999999999803e-01 2.466000000000000136e-02
5.129999999999999838e-02 -2.725999999999999951e-02 2.000000000000000000e+05 8.250000000000000000e+00 9.527999999999999803e-01 2.466000000000000136e-02
7.642000000000000182e-02 -3.157000000000000084e-02 2.000000000000000000e+05 8.250000000000000000e+00 9.527999999999999803e-01 2.466000000000000136e-02
1.014599999999999946e-01 -3.461999999999999800e-02 2.000000000000000000e+05 8.250000000000000000e+00 9.527999999999999803e-01 2.466000000000000136e-02
1.513899999999999968e-01 -3.844000000000000195e-02 2.000000000000000000e+05 8.250000000000000000e+00 9.527999999999999803e-01 2.466000000000000136e-02
2.011999999999999900e-01 -4.030999999999999861e-02 2.000000000000000000e+05 8.250000000000000000e+00 9.527999999999999803e-01 2.466000000000000136e-02
2.509299999999999864e-01 -4.091000000000000192e-02 2.000000000000000000e+05 8.250000000000000000e+00 9.527999999999999803e-01 2.466000000000000136e-02
3.006300000000000083e-01 -4.064000000000000251e-02 2.000000000000000000e+05 8.250000000000000000e+00 9.527999999999999803e-01 2.466000000000000136e-02
4.000000000000000222e-01 -3.935999999999999915e-02 2.000000000000000000e+05 8.250000000000000000e+00 9.527999999999999803e-01 2.466000000000000136e-02
4.997500000000000275e-01 -3.438999999999999696e-02 2.000000000000000000e+05 8.250000000000000000e+00 9.527999999999999803e-01 2.466000000000000136e-02
5.995800000000000018e-01 -2.913999999999999924e-02 2.000000000000000000e+05 8.250000000000000000e+00 9.527999999999999803e-01 2.466000000000000136e-02
6.994899999999999451e-01 -2.304000000000000145e-02 2.000000000000000000e+05 8.250000000000000000e+00 9.527999999999999803e-01 2.466000000000000136e-02
7.995100000000000540e-01 -1.628999999999999893e-02 2.000000000000000000e+05 8.250000000000000000e+00 9.527999999999999803e-01 2.466000000000000136e-02
8.996600000000000152e-01 -9.010000000000000647e-03 2.000000000000000000e+05 8.250000000000000000e+00 9.527999999999999803e-01 2.466000000000000136e-02
9.497900000000000231e-01 -5.120000000000000419e-03 2.000000000000000000e+05 8.250000000000000000e+00 9.527999999999999803e-01 2.466000000000000136e-02
1.000000000000000000e+00 -1.049999999999999935e-03 2.000000000000000000e+05 8.250000000000000000e+00 9.527999999999999803e-01 2.466000000000000136e-02
