1.000000000000000000e+00 1.899999999999999996e-03 1.000000000000000000e+06 1.475000000000000000e+01 1.478399999999999936e+00 3.201999999999999985e-02
9.499999999999999556e-01 1.549999999999999989e-02 1.000000000000000000e+06 1.475000000000000000e+01 1.478399999999999936e+00 3.201999999999999985e-02
9.000000000000000222e-01 2.809999999999999998e-02 1.000000000000000000e+06 1.475000000000000000e+01 1.478399999999999936e+00 3.201999999999999985e-02
8.000000000000000444e-01 5.079999999999999793e-02 1.000000000000000000e+06 1.475000000000000000e+01 1.478399999999999936e+00 3.201999999999999985e-02
6.999999999999999556e-01 7.019999999999999851e-02 1.000000000000000000e+06 1.475000000000000000e+01 1.478399999999999936e+00 3.201999999999999985e-02
5.999999999999999778e-01 8.649999999999999356e-02 1.000000000000000000e+06 1.475000000000000000e+01 1.478399999999999936e+00 3.201999999999999985e-02
5.000000000000000000e-01 9.890000000000000180e-02 1.000000000000000000e+06 1.475000000000000000e+01 1.478399999999999936e+00 3.201999999999999985e-02
4.000000000000000222e-01 1.071000000000000008e-01 1.000000000000000000e+06 1.475000000000000000e+01 1.478399999999999936e+00 3.201999999999999985e-02
2.999999999999999889e-01 1.087999999999999939e-01 1.000000000000000000e+06 1.475000000000000000e+01 1.478399999999999936e+00 3.201999999999999985e-02
2.500000000000000000e-01 1.064999999999999974e-01 1.000000000000000000e+06 1.475000000000000000e+01 1.478399999999999936e+00 3.201999999999999985e-02
2.000000000000000111e-01 1.015000000000000069e-01 1.000000000000000000e+06 1.475000000000000000e+01 1.478399999999999936e+00 3.201999999999999985e-02
1.499999999999999944e-01 9.339999999999999691e-02 1.000000000000000000e+06 1.475000000000000000e+01 1.478399999999999936e+00 3.201999999999999985e-02
1.000000000000000056e-01 8.050000000000000211e-02 1.000000000000000000e+06 1.475000000000000000e+01 1.478399999999999936e+00 3.201999999999999985e-02
7.499999999999999722e-02 7.169999999999999984e-02 1.000000000000000000e+06 1.475000000000000000e+01 1.478399999999999936e+00 3.201999999999999985e-02
5.000000000000000278e-02 6.029999999999999943e-02 1.000000000000000000e+06 1.475000000000000000e+01 1.478399999999999936e+00 3.201999999999999985e-02
2.500000000000000139e-02 4.449999999999999789e-02 1.000000000000000000e+06 1.475000000000000000e+01 1.478399999999999936e+00 3.201999999999999985e-02
1.250000000000000069e-02 3.280000000000000276e-02 1.000000000000000000e+06 1.475000000000000000e+01 1.478399999999999936e+00 3.201999999999999985e-02
0.000000000000000000e+00 0.000000000000000000e+00 1.000000000000000000e+06 1.475000000000000000e+01 1.478399999999999936e+00 3.201999999999999985e-02
1.250000000000000069e-02 -2.450000000000000094e-02 1.000000000000000000e+06 1.475000000000000000e+01 1.478399999999999936e+00 3.201999999999999985e-02
2.500000000000000139e-02 -3.440000000000000002e-02 1.000000000000000000e+06 1.475000000000000000e+01 1.478399999999999936e+00 3.201999999999999985e-02
5.000000000000000278e-02 -4.680000000000000132e-02 1.000000000000000000e+06 1.475000000000000000e+01 1.478399999999999936e+00 3.201999999999999985e-02
7.499999999999999722e-02 -5.480000000000000149e-02 1.000000000000000000e+06 1.475000000000000000e+01 1.478399999999999936e+00 3.201999999999999985e-02
1.000000000000000056e-01 -6.029999999999999943e-02 1.000000000000000000e+06 1.475000000000000000e+01 1.478399999999999936e+00 3.201999999999999985e-02
1.499999999999999944e-01 -6.740000000000000158e-02 1.000000000000000000e+06 1.475000000000000000e+01 1.478399999999999936e+00 3.201999999999999985e-02
2.000000000000000111e-01 -7.090000000000000469e-02 1.000000000000000000e+06 1.475000000000000000e+01 1.478399999999999936e+00 3.201999999999999985e-02
2.500000000000000000e-01 -7.180000000000000271e-02 1.000000000000000000e+06 1.475000000000000000e+01 1.478399999999999936e+00 3.201999999999999985e-02
2.999999999999999889e-01 -7.119999999999999940e-02 1.000000000000000000e+06 1.475000000000000000e+01 1.478399999999999936e+00 3.201999999999999985e-02
4.000000000000000222e-01 -6.710000000000000686e-02 1.000000000000000000e+06 1.475000000000000000e+01 1.478399999999999936e+00 3.201999999999999985e-02
5.000000000000000000e-01 -5.990000000000000185e-02 1.000000000000000000e+06 1.475000000000000000e+01 1.478399999999999936e+00 3.201999999999999985e-02
5.999999999999999778e-01 -5.040000000000000036e-02 1.000000000000000000e+06 1.475000000000000000e+01 1.478399999999999936e+00 3.201999999999999985e-02
6.999999999999999556e-01 -3.969999999999999918e-02 1.000000000000000000e+06 1.475000000000000000e+01 1.478399999999999936e+00 3.201999999999999985e-02
8.000000000000000444e-01 -2.800000000000000058e-02 1.000000000000000000e+06 1.475000000000000000e+01 1.478399999999999936e+00 3.201999999999999985e-02
9.000000000000000222e-01 -1.529999999999999936e-02 1.000000000000000000e+06 1.475000000000000000e+01 1.478399999999999936e+00 3.201999999999999985e-02
9.499999999999999556e-01 -8.699999999999999400e-03 1.000000000000000000e+06 1.475000000000000000e+01 1.478399999999999936e+00 3.201999999999999985e-02
1.000000000000000000e+00 -1.899999999999999996e-03 1.000000000000000000e+06 1.475000000000000000e+01 1.478399999999999936e+00 3.201999999999999985e-02
