1.000000000000000000e+00 1.299999999999999940e-03 5.000000000000000000e+05 -1.500000000000000000e+00 3.190000000000000058e-01 8.259999999999999981e-03
9.499999999999999556e-01 1.469999999999999953e-02 5.000000000000000000e+05 -1.500000000000000000e+00 3.190000000000000058e-01 8.259999999999999981e-03
9.000000000000000222e-01 2.709999999999999909e-02 5.000000000000000000e+05 -1.500000000000000000e+00 3.190000000000000058e-01 8.259999999999999981e-03
8.000000000000000444e-01 4.889999999999999902e-02 5.000000000000000000e+05 -1.500000000000000000e+00 3.190000000000000058e-01 8.259999999999999981e-03
6.999999999999999556e-01 6.690000000000000113e-02 5.000000000000000000e+05 -1.500000000000000000e+00 3.190000000000000058e-01 8.259999999999999981e-03
5.999999999999999778e-01 8.140000000000000013e-02 5.000000000000000000e+05 -1.500000000000000000e+00 3.190000000000000058e-01 8.259999999999999981e-03
5.000000000000000000e-01 9.189999999999999558e-02 5.000000000000000000e+05 -1.500000000000000000e+00 3.190000000000000058e-01 8.259999999999999981e-03
4.000000000000000222e-01 9.800000000000000377e-02 5.000000000000000000e+05 -1.500000000000000000e+00 3.190000000000000058e-01 8.259999999999999981e-03
2.999999999999999889e-01 9.760000000000000620e-02 5.000000000000000000e+05 -1.500000000000000000e+00 3.190000000000000058e-01 8.259999999999999981e-03
2.500000000000000000e-01 9.410000000000000309e-02 5.000000000000000000e+05 -1.500000000000000000e+00 3.190000000000000058e-01 8.259999999999999981e-03
2.000000000000000111e-01 8.799999999999999489e-02 5.000000000000000000e+05 -1.500000000000000000e+00 3.190000000000000058e-01 8.259999999999999981e-03
1.499999999999999944e-01 7.889999999999999791e-02 5.000000000000000000e+05 -1.500000000000000000e+00 3.190000000000000058e-01 8.259999999999999981e-03
1.000000000000000056e-01 6.590000000000000024e-02 5.000000000000000000e+05 -1.500000000000000000e+00 3.190000000000000058e-01 8.259999999999999981e-03
7.499999999999999722e-02 5.759999999999999842e-02 5.000000000000000000e+05 -1.500000000000000000e+00 3.190000000000000058e-01 8.259999999999999981e-03
5.000000000000000278e-02 4.730000000000000177e-02 5.000000000000000000e+05 -1.500000000000000000e+00 3.190000000000000058e-01 8.259999999999999981e-03
2.500000000000000139e-02 3.389999999999999958e-02 5.000000000000000000e+05 -1.500000000000000000e+00 3.190000000000000058e-01 8.259999999999999981e-03
1.250000000000000069e-02 2.440000000000000155e-02 5.000000000000000000e+05 -1.500000000000000000e+00 3.190000000000000058e-01 8.259999999999999981e-03
0.000000000000000000e+00 0.000000000000000000e+00 5.000000000000000000e+05 -1.500000000000000000e+00 3.190000000000000058e-01 8.259999999999999981e-03
1.250000000000000069e-02 -1.430000000000000021e-02 5.000000000000000000e+05 -1.500000000000000000e+00 3.190000000000000058e-01 8.259999999999999981e-03
2.500000000000000139e-02 -1.949999999999999997e-02 5.000000000000000000e+05 -1.500000000000000000e+00 3.190000000000000058e-01 8.259999999999999981e-03
5.000000000000000278e-02 -2.489999999999999852e-02 5.000000000000000000e+05 -1.500000000000000000e+00 3.190000000000000058e-01 8.259999999999999981e-03
7.499999999999999722e-02 -2.740000000000000074e-02 5.000000000000000000e+05 -1.500000000000000000e+00 3.190000000000000058e-01 8.259999999999999981e-03
1.000000000000000056e-01 -2.860000000000000042e-02 5.000000000000000000e+05 -1.500000000000000000e+00 3.190000000000000058e-01 8.259999999999999981e-03
1.499999999999999944e-01 -2.879999999999999921e-02 5.000000000000000000e+05 -1.500000000000000000e+00 3.190000000000000058e-01 8.259999999999999981e-03
2.000000000000000111e-01 -2.740000000000000074e-02 5.000000000000000000e+05 -1.500000000000000000e+00 3.190000000000000058e-01 8.259999999999999981e-03
2.500000000000000000e-01 -2.500000000000000139e-02 5.000000000000000000e+05 -1.500000000000000000e+00 3.190000000000000058e-01 8.259999999999999981e-03
2.999999999999999889e-01 -2.259999999999999856e-02 5.000000000000000000e+05 -1.500000000000000000e+00 3.190000000000000058e-01 8.259999999999999981e-03
4.000000000000000222e-01 -1.799999999999999864e-02 5.000000000000000000e+05 -1.500000000000000000e+00 3.190000000000000058e-01 8.259999999999999981e-03
5.000000000000000000e-01 -1.400000000000000029e-02 5.000000000000000000e+05 -1.500000000000000000e+00 3.190000000000000058e-01 8.259999999999999981e-03
5.999999999999999778e-01 -1.000000000000000021e-02 5.000000000000000000e+05 -1.500000000000000000e+00 3.190000000000000058e-01 8.259999999999999981e-03
6.999999999999999556e-01 -6.499999999999999702e-03 5.000000000000000000e+05 -1.500000000000000000e+00 3.190000000000000058e-01 8.259999999999999981e-03
8.000000000000000444e-01 -3.899999999999999821e-03 5.000000000000000000e+05 -1.500000000000000000e+00 3.190000000000000058e-01 8.259999999999999981e-03
9.000000000000000222e-01 -2.200000000000000133e-03 5.000000000000000000e+05 -1.500000000000000000e+00 3.190000000000000058e-01 8.259999999999999981e-03
9.499999999999999556e-01 -1.600000000000000077e-03 5.000000000000000000e+05 -1.500000000000000000e+00 3.190000000000000058e-01 8.259999999999999981e-03
1.000000000000000000e+00 -1.299999999999999940e-03 5.000000000000000000e+05 -1.500000000000000000e+00 3.190000000000000058e-01 8.259999999999999981e-03
