1.000000000000000000e+00 2.199999988079071045e-03 1.000000000000000000e+05 9.250000000000000000e+00 1.197137475013732910e+00 4.841205477714538574e-02
9.499999880790710449e-01 2.109999954700469971e-02 1.000000000000000000e+05 9.250000000000000000e+00 1.197137475013732910e+00 4.841205477714538574e-02
8.999999761581420898e-01 3.849999979138374329e-02 1.000000000000000000e+05 9.250000000000000000e+00 1.197137475013732910e+00 4.841205477714538574e-02
8.000000119209289551e-01 6.909999996423721313e-02 1.000000000000000000e+05 9.250000000000000000e+00 1.197137475013732910e+00 4.841205477714538574e-02
6.999999880790710449e-01 9.499999880790710449e-02 1.000000000000000000e+05 9.250000000000000000e+00 1.197137475013732910e+00 4.841205477714538574e-02
6.000000238418579102e-01 1.159999966621398926e-01 1.000000000000000000e+05 9.250000000000000000e+00 1.197137475013732910e+00 4.841205477714538574e-02
5.000000000000000000e-01 1.317999958992004395e-01 1.000000000000000000e+05 9.250000000000000000e+00 1.197137475013732910e+00 4.841205477714538574e-02
4.000000059604644775e-01 1.415999978780746460e-01 1.000000000000000000e+05 9.250000000000000000e+00 1.197137475013732910e+00 4.841205477714538574e-02
3.000000119209289551e-01 1.427000015974044800e-01 1.000000000000000000e+05 9.250000000000000000e+00 1.197137475013732910e+00 4.841205477714538574e-02
2.500000000000000000e-01 1.387999951839447021e-01 1.000000000000000000e+05 9.250000000000000000e+00 1.197137475013732910e+00 4.841205477714538574e-02
2.000000029802322388e-01 1.316999942064285278e-01 1.000000000000000000e+05 9.250000000000000000e+00 1.197137475013732910e+00 4.841205477714538574e-02
1.500000059604644775e-01 1.203999966382980347e-01 1.000000000000000000e+05 9.250000000000000000e+00 1.197137475013732910e+00 4.841205477714538574e-02
1.000000014901161194e-01 1.035000011324882507e-01 1.000000000000000000e+05 9.250000000000000000e+00 1.197137475013732910e+00 4.841205477714538574e-02
7.500000298023223877e-02 9.239999949932098389e-02 1.000000000000000000e+05 9.250000000000000000e+00 1.197137475013732910e+00 4.841205477714538574e-02
5.000000074505805969e-02 7.819999754428863525e-02 1.000000000000000000e+05 9.250000000000000000e+00 1.197137475013732910e+00 4.841205477714538574e-02
2.500000037252902985e-02 5.840000137686729431e-02 1.000000000000000000e+05 9.250000000000000000e+00 1.197137475013732910e+00 4.841205477714538574e-02
1.250000018626451492e-02 4.450000077486038208e-02 1.000000000000000000e+05 9.250000000000000000e+00 1.197137475013732910e+00 4.841205477714538574e-02
0.000000000000000000e+00 0.000000000000000000e+00 1.000000000000000000e+05 9.250000000000000000e+00 1.197137475013732910e+00 4.841205477714538574e-02
1.250000018626451492e-02 -2.419999986886978149e-02 1.000000000000000000e+05 9.250000000000000000e+00 1.197137475013732910e+00 4.841205477714538574e-02
2.500000037252902985e-02 -3.480000048875808716e-02 1.000000000000000000e+05 9.250000000000000000e+00 1.197137475013732910e+00 4.841205477714538574e-02
5.000000074505805969e-02 -4.780000075697898865e-02 1.000000000000000000e+05 9.250000000000000000e+00 1.197137475013732910e+00 4.841205477714538574e-02
7.500000298023223877e-02 -5.620000138878822327e-02 1.000000000000000000e+05 9.250000000000000000e+00 1.197137475013732910e+00 4.841205477714538574e-02
1.000000014901161194e-01 -6.150000169873237610e-02 1.000000000000000000e+05 9.250000000000000000e+00 1.197137475013732910e+00 4.841205477714538574e-02
1.500000059604644775e-01 -6.750000268220901489e-02 1.000000000000000000e+05 9.250000000000000000e+00 1.197137475013732910e+00 4.841205477714538574e-02
2.000000029802322388e-01 -6.979999691247940063e-02 1.000000000000000000e+05 9.250000000000000000e+00 1.197137475013732910e+00 4.841205477714538574e-02
2.500000000000000000e-01 -6.920000165700912476e-02 1.000000000000000000e+05 9.250000000000000000e+00 1.197137475013732910e+00 4.841205477714538574e-02
3.000000119209289551e-01 -6.759999692440032959e-02 1.000000000000000000e+05 9.250000000000000000e+00 1.197137475013732910e+00 4.841205477714538574e-02
4.000000059604644775e-01 -6.159999966621398926e-02 1.000000000000000000e+05 9.250000000000000000e+00 1.197137475013732910e+00 4.841205477714538574e-02
5.000000000000000000e-01 -5.339999869465827942e-02 1.000000000000000000e+05 9.250000000000000000e+00 1.197137475013732910e+00 4.841205477714538574e-02
6.000000238418579102e-01 -4.399999976158142090e-02 1.000000000000000000e+05 9.250000000000000000e+00 1.197137475013732910e+00 4.841205477714538574e-02
6.999999880790710449e-01 -3.350000083446502686e-02 1.000000000000000000e+05 9.250000000000000000e+00 1.197137475013732910e+00 4.841205477714538574e-02
8.000000119209289551e-01 -2.309999987483024597e-02 1.000000000000000000e+05 9.250000000000000000e+00 1.197137475013732910e+00 4.841205477714538574e-02
8.999999761581420898e-01 -1.269999984651803970e-02 1.000000000000000000e+05 9.250000000000000000e+00 1.197137475013732910e+00 4.841205477714538574e-02
9.499999880790710449e-01 -7.400000002235174179e-03 1.000000000000000000e+05 9.250000000000000000e+00 1.197137475013732910e+00 4.841205477714538574e-02
1.000000000000000000e+00 -2.199999988079071045e-03 1.000000000000000000e+05 9.250000000000000000e+00 1.197137475013732910e+00 4.841205477714538574e-02
0.000000000000000000e+00 0.000000000000000000e+00 1.000000000000000000e+05 9.250000000000000000e+00 1.197137475013732910e+00 4.841205477714538574e-02
0.000000000000000000e+00 0.000000000000000000e+00 1.000000000000000000e+05 9.250000000000000000e+00 1.197137475013732910e+00 4.841205477714538574e-02
0.000000000000000000e+00 0.000000000000000000e+00 1.000000000000000000e+05 9.250000000000000000e+00 1.197137475013732910e+00 4.841205477714538574e-02
0.000000000000000000e+00 0.000000000000000000e+00 1.000000000000000000e+05 9.250000000000000000e+00 1.197137475013732910e+00 4.841205477714538574e-02
0.000000000000000000e+00 0.000000000000000000e+00 1.000000000000000000e+05 9.250000000000000000e+00 1.197137475013732910e+00 4.841205477714538574e-02
0.000000000000000000e+00 0.000000000000000000e+00 1.000000000000000000e+05 9.250000000000000000e+00 1.197137475013732910e+00 4.841205477714538574e-02
0.000000000000000000e+00 0.000000000000000000e+00 1.000000000000000000e+05 9.250000000000000000e+00 1.197137475013732910e+00 4.841205477714538574e-02
0.000000000000000000e+00 0.000000000000000000e+00 1.000000000000000000e+05 9.250000000000000000e+00 1.197137475013732910e+00 4.841205477714538574e-02
0.000000000000000000e+00 0.000000000000000000e+00 1.000000000000000000e+05 9.250000000000000000e+00 1.197137475013732910e+00 4.841205477714538574e-02
0.000000000000000000e+00 0.000000000000000000e+00 1.000000000000000000e+05 9.250000000000000000e+00 1.197137475013732910e+00 4.841205477714538574e-02
0.000000000000000000e+00 0.000000000000000000e+00 1.000000000000000000e+05 9.250000000000000000e+00 1.197137475013732910e+00 4.841205477714538574e-02
0.000000000000000000e+00 0.000000000000000000e+00 1.000000000000000000e+05 9.250000000000000000e+00 1.197137475013732910e+00 4.841205477714538574e-02
0.000000000000000000e+00 0.000000000000000000e+00 1.000000000000000000e+05 9.250000000000000000e+00 1.197137475013732910e+00 4.841205477714538574e-02
0.000000000000000000e+00 0.000000000000000000e+00 1.000000000000000000e+05 9.250000000000000000e+00 1.197137475013732910e+00 4.841205477714538574e-02
0.000000000000000000e+00 0.000000000000000000e+00 1.000000000000000000e+05 9.250000000000000000e+00 1.197137475013732910e+00 4.841205477714538574e-02
0.000000000000000000e+00 0.000000000000000000e+00 1.000000000000000000e+05 9.250000000000000000e+00 1.197137475013732910e+00 4.841205477714538574e-02
0.000000000000000000e+00 0.000000000000000000e+00 1.000000000000000000e+05 9.250000000000000000e+00 1.197137475013732910e+00 4.841205477714538574e-02
0.000000000000000000e+00 0.000000000000000000e+00 1.000000000000000000e+05 9.250000000000000000e+00 1.197137475013732910e+00 4.841205477714538574e-02
0.000000000000000000e+00 0.000000000000000000e+00 1.000000000000000000e+05 9.250000000000000000e+00 1.197137475013732910e+00 4.841205477714538574e-02
0.000000000000000000e+00 0.000000000000000000e+00 1.000000000000000000e+05 9.250000000000000000e+00 1.197137475013732910e+00 4.841205477714538574e-02
0.000000000000000000e+00 0.000000000000000000e+00 1.000000000000000000e+05 9.250000000000000000e+00 1.197137475013732910e+00 4.841205477714538574e-02
0.000000000000000000e+00 0.000000000000000000e+00 1.000000000000000000e+05 9.250000000000000000e+00 1.197137475013732910e+00 4.841205477714538574e-02
0.000000000000000000e+00 0.000000000000000000e+00 1.000000000000000000e+05 9.250000000000000000e+00 1.197137475013732910e+00 4.841205477714538574e-02
0.000000000000000000e+00 0.000000000000000000e+00 1.000000000000000000e+05 9.250000000000000000e+00 1.197137475013732910e+00 4.841205477714538574e-02
0.000000000000000000e+00 0.000000000000000000e+00 1.000000000000000000e+05 9.250000000000000000e+00 1.197137475013732910e+00 4.841205477714538574e-02
0.000000000000000000e+00 0.000000000000000000e+00 1.000000000000000000e+05 9.250000000000000000e+00 1.197137475013732910e+00 4.841205477714538574e-02
0.000000000000000000e+00 0.000000000000000000e+00 1.000000000000000000e+05 9.250000000000000000e+00 1.197137475013732910e+00 4.841205477714538574e-02
0.000000000000000000e+00 0.000000000000000000e+00 1.000000000000000000e+05 9.250000000000000000e+00 1.197137475013732910e+00 4.841205477714538574e-02
0.000000000000000000e+00 0.000000000000000000e+00 1.000000000000000000e+05 9.250000000000000000e+00 1.197137475013732910e+00 4.841205477714538574e-02
0.000000000000000000e+00 0.000000000000000000e+00 1.000000000000000000e+05 9.250000000000000000e+00 1.197137475013732910e+00 4.841205477714538574e-02
0.000000000000000000e+00 0.000000000000000000e+00 1.000000000000000000e+05 9.250000000000000000e+00 1.197137475013732910e+00 4.841205477714538574e-02
0.000000000000000000e+00 0.000000000000000000e+00 1.000000000000000000e+05 9.250000000000000000e+00 1.197137475013732910e+00 4.841205477714538574e-02
0.000000000000000000e+00 0.000000000000000000e+00 1.000000000000000000e+05 9.250000000000000000e+00 1.197137475013732910e+00 4.841205477714538574e-02
0.000000000000000000e+00 0.000000000000000000e+00 1.000000000000000000e+05 9.250000000000000000e+00 1.197137475013732910e+00 4.841205477714538574e-02
