1.000000000000000000e+00 1.569999963976442814e-03 2.000000000000000000e+05 -1.050000000000000000e+01 -9.980610609054565430e-01 2.521162666380405426e-02
9.973999857902526855e-01 2.229999983683228493e-03 2.000000000000000000e+05 -1.050000000000000000e+01 -9.980610609054565430e-01 2.521162666380405426e-02
9.893000125885009766e-01 4.189999774098396301e-03 2.000000000000000000e+05 -1.050000000000000000e+01 -9.980610609054565430e-01 2.521162666380405426e-02
9.758999943733215332e-01 7.389999926090240479e-03 2.000000000000000000e+05 -1.050000000000000000e+01 -9.980610609054565430e-01 2.521162666380405426e-02
9.573299884796142578e-01 1.171999983489513397e-02 2.000000000000000000e+05 -1.050000000000000000e+01 -9.980610609054565430e-01 2.521162666380405426e-02
9.337700009346008301e-01 1.704999990761280060e-02 2.000000000000000000e+05 -1.050000000000000000e+01 -9.980610609054565430e-01 2.521162666380405426e-02
9.054800271987915039e-01 2.322999946773052216e-02 2.000000000000000000e+05 -1.050000000000000000e+01 -9.980610609054565430e-01 2.521162666380405426e-02
8.727499842643737793e-01 3.006000071763992310e-02 2.000000000000000000e+05 -1.050000000000000000e+01 -9.980610609054565430e-01 2.521162666380405426e-02
8.359100222587585449e-01 3.737999871373176575e-02 2.000000000000000000e+05 -1.050000000000000000e+01 -9.980610609054565430e-01 2.521162666380405426e-02
7.953600287437438965e-01 4.498000070452690125e-02 2.000000000000000000e+05 -1.050000000000000000e+01 -9.980610609054565430e-01 2.521162666380405426e-02
7.515400052070617676e-01 5.266999825835227966e-02 2.000000000000000000e+05 -1.050000000000000000e+01 -9.980610609054565430e-01 2.521162666380405426e-02
7.049000263214111328e-01 6.024999916553497314e-02 2.000000000000000000e+05 -1.050000000000000000e+01 -9.980610609054565430e-01 2.521162666380405426e-02
6.559500098228454590e-01 6.752999871969223022e-02 2.000000000000000000e+05 -1.050000000000000000e+01 -9.980610609054565430e-01 2.521162666380405426e-02
6.052399873733520508e-01 7.430999726057052612e-02 2.000000000000000000e+05 -1.050000000000000000e+01 -9.980610609054565430e-01 2.521162666380405426e-02
5.533099770545959473e-01 8.039999753236770630e-02 2.000000000000000000e+05 -1.050000000000000000e+01 -9.980610609054565430e-01 2.521162666380405426e-02
5.007399916648864746e-01 8.562000095844268799e-02 2.000000000000000000e+05 -1.050000000000000000e+01 -9.980610609054565430e-01 2.521162666380405426e-02
4.481100142002105713e-01 8.978000283241271973e-02 2.000000000000000000e+05 -1.050000000000000000e+01 -9.980610609054565430e-01 2.521162666380405426e-02
3.959699869155883789e-01 9.272000193595886230e-02 2.000000000000000000e+05 -1.050000000000000000e+01 -9.980610609054565430e-01 2.521162666380405426e-02
3.444800078868865967e-01 9.408999979496002197e-02 2.000000000000000000e+05 -1.050000000000000000e+01 -9.980610609054565430e-01 2.521162666380405426e-02
2.946900129318237305e-01 9.365999698638916016e-02 2.000000000000000000e+05 -1.050000000000000000e+01 -9.980610609054565430e-01 2.521162666380405426e-02
2.472199946641921997e-01 9.139999747276306152e-02 2.000000000000000000e+05 -1.050000000000000000e+01 -9.980610609054565430e-01 2.521162666380405426e-02
2.026100009679794312e-01 8.736000210046768188e-02 2.000000000000000000e+05 -1.050000000000000000e+01 -9.980610609054565430e-01 2.521162666380405426e-02
1.614200025796890259e-01 8.162999898195266724e-02 2.000000000000000000e+05 -1.050000000000000000e+01 -9.980610609054565430e-01 2.521162666380405426e-02
1.241099983453750610e-01 7.438000291585922241e-02 2.000000000000000000e+05 -1.050000000000000000e+01 -9.980610609054565430e-01 2.521162666380405426e-02
9.111999720335006714e-02 6.580000370740890503e-02 2.000000000000000000e+05 -1.050000000000000000e+01 -9.980610609054565430e-01 2.521162666380405426e-02
6.282000243663787842e-02 5.615000054240226746e-02 2.000000000000000000e+05 -1.050000000000000000e+01 -9.980610609054565430e-01 2.521162666380405426e-02
3.951999917626380920e-02 4.566000029444694519e-02 2.000000000000000000e+05 -1.050000000000000000e+01 -9.980610609054565430e-01 2.521162666380405426e-02
2.144999988377094269e-02 3.460000082850456238e-02 2.000000000000000000e+05 -1.050000000000000000e+01 -9.980610609054565430e-01 2.521162666380405426e-02
8.779999800026416779e-03 2.318999916315078735e-02 2.000000000000000000e+05 -1.050000000000000000e+01 -9.980610609054565430e-01 2.521162666380405426e-02
1.610000035725533962e-03 1.161000039428472519e-02 2.000000000000000000e+05 -1.050000000000000000e+01 -9.980610609054565430e-01 2.521162666380405426e-02
0.000000000000000000e+00 0.000000000000000000e+00 2.000000000000000000e+05 -1.050000000000000000e+01 -9.980610609054565430e-01 2.521162666380405426e-02
3.869999898597598076e-03 -1.106000039726495743e-02 2.000000000000000000e+05 -1.050000000000000000e+01 -9.980610609054565430e-01 2.521162666380405426e-02
1.307999994605779648e-02 -2.102999947965145111e-02 2.000000000000000000e+05 -1.050000000000000000e+01 -9.980610609054565430e-01 2.521162666380405426e-02
2.749999985098838806e-02 -2.985000051558017731e-02 2.000000000000000000e+05 -1.050000000000000000e+01 -9.980610609054565430e-01 2.521162666380405426e-02
4.693999886512756348e-02 -3.748000040650367737e-02 2.000000000000000000e+05 -1.050000000000000000e+01 -9.980610609054565430e-01 2.521162666380405426e-02
7.114999741315841675e-02 -4.386999830603599548e-02 2.000000000000000000e+05 -1.050000000000000000e+01 -9.980610609054565430e-01 2.521162666380405426e-02
9.985999763011932373e-02 -4.899000003933906555e-02 2.000000000000000000e+05 -1.050000000000000000e+01 -9.980610609054565430e-01 2.521162666380405426e-02
1.327500045299530029e-01 -5.282000079751014709e-02 2.000000000000000000e+05 -1.050000000000000000e+01 -9.980610609054565430e-01 2.521162666380405426e-02
1.694499999284744263e-01 -5.539000034332275391e-02 2.000000000000000000e+05 -1.050000000000000000e+01 -9.980610609054565430e-01 2.521162666380405426e-02
2.096000015735626221e-01 -5.675999820232391357e-02 2.000000000000000000e+05 -1.050000000000000000e+01 -9.980610609054565430e-01 2.521162666380405426e-02
2.527799904346466064e-01 -5.702999979257583618e-02 2.000000000000000000e+05 -1.050000000000000000e+01 -9.980610609054565430e-01 2.521162666380405426e-02
2.985700070858001709e-01 -5.632999911904335022e-02 2.000000000000000000e+05 -1.050000000000000000e+01 -9.980610609054565430e-01 2.521162666380405426e-02
3.465099930763244629e-01 -5.482999980449676514e-02 2.000000000000000000e+05 -1.050000000000000000e+01 -9.980610609054565430e-01 2.521162666380405426e-02
3.961200118064880371e-01 -5.271999910473823547e-02 2.000000000000000000e+05 -1.050000000000000000e+01 -9.980610609054565430e-01 2.521162666380405426e-02
4.473699927330017090e-01 -5.003000050783157349e-02 2.000000000000000000e+05 -1.050000000000000000e+01 -9.980610609054565430e-01 2.521162666380405426e-02
4.992600083351135254e-01 -4.673000052571296692e-02 2.000000000000000000e+05 -1.050000000000000000e+01 -9.980610609054565430e-01 2.521162666380405426e-02
5.512199997901916504e-01 -4.298000037670135498e-02 2.000000000000000000e+05 -1.050000000000000000e+01 -9.980610609054565430e-01 2.521162666380405426e-02
6.026700139045715332e-01 -3.892999887466430664e-02 2.000000000000000000e+05 -1.050000000000000000e+01 -9.980610609054565430e-01 2.521162666380405426e-02
6.530600190162658691e-01 -3.471999987959861755e-02 2.000000000000000000e+05 -1.050000000000000000e+01 -9.980610609054565430e-01 2.521162666380405426e-02
7.018399834632873535e-01 -3.047999925911426544e-02 2.000000000000000000e+05 -1.050000000000000000e+01 -9.980610609054565430e-01 2.521162666380405426e-02
7.484599947929382324e-01 -2.628000080585479736e-02 2.000000000000000000e+05 -1.050000000000000000e+01 -9.980610609054565430e-01 2.521162666380405426e-02
7.924200296401977539e-01 -2.222000062465667725e-02 2.000000000000000000e+05 -1.050000000000000000e+01 -9.980610609054565430e-01 2.521162666380405426e-02
8.332200050354003906e-01 -1.836000010371208191e-02 2.000000000000000000e+05 -1.050000000000000000e+01 -9.980610609054565430e-01 2.521162666380405426e-02
8.704000115394592285e-01 -1.477000024169683456e-02 2.000000000000000000e+05 -1.050000000000000000e+01 -9.980610609054565430e-01 2.521162666380405426e-02
9.035400152206420898e-01 -1.150999963283538818e-02 2.000000000000000000e+05 -1.050000000000000000e+01 -9.980610609054565430e-01 2.521162666380405426e-02
9.322500228881835938e-01 -8.620000444352626801e-03 2.000000000000000000e+05 -1.050000000000000000e+01 -9.980610609054565430e-01 2.521162666380405426e-02
9.562199711799621582e-01 -6.159999873489141464e-03 2.000000000000000000e+05 -1.050000000000000000e+01 -9.980610609054565430e-01 2.521162666380405426e-02
9.751600027084350586e-01 -4.189999774098396301e-03 2.000000000000000000e+05 -1.050000000000000000e+01 -9.980610609054565430e-01 2.521162666380405426e-02
9.888499975204467773e-01 -2.749999985098838806e-03 2.000000000000000000e+05 -1.050000000000000000e+01 -9.980610609054565430e-01 2.521162666380405426e-02
9.971200227737426758e-01 -1.870000036433339119e-03 2.000000000000000000e+05 -1.050000000000000000e+01 -9.980610609054565430e-01 2.521162666380405426e-02
1.000000000000000000e+00 -1.569999963976442814e-03 2.000000000000000000e+05 -1.050000000000000000e+01 -9.980610609054565430e-01 2.521162666380405426e-02
0.000000000000000000e+00 0.000000000000000000e+00 2.000000000000000000e+05 -1.050000000000000000e+01 -9.980610609054565430e-01 2.521162666380405426e-02
0.000000000000000000e+00 0.000000000000000000e+00 2.000000000000000000e+05 -1.050000000000000000e+01 -9.980610609054565430e-01 2.521162666380405426e-02
0.000000000000000000e+00 0.000000000000000000e+00 2.000000000000000000e+05 -1.050000000000000000e+01 -9.980610609054565430e-01 2.521162666380405426e-02
0.000000000000000000e+00 0.000000000000000000e+00 2.000000000000000000e+05 -1.050000000000000000e+01 -9.980610609054565430e-01 2.521162666380405426e-02
0.000000000000000000e+00 0.000000000000000000e+00 2.000000000000000000e+05 -1.050000000000000000e+01 -9.980610609054565430e-01 2.521162666380405426e-02
0.000000000000000000e+00 0.000000000000000000e+00 2.000000000000000000e+05 -1.050000000000000000e+01 -9.980610609054565430e-01 2.521162666380405426e-02
0.000000000000000000e+00 0.000000000000000000e+00 2.000000000000000000e+05 -1.050000000000000000e+01 -9.980610609054565430e-01 2.521162666380405426e-02
0.000000000000000000e+00 0.000000000000000000e+00 2.000000000000000000e+05 -1.050000000000000000e+01 -9.980610609054565430e-01 2.521162666380405426e-02
