1.000000000000000000e+00 6.300000000000000261e-04 1.000000000000000000e+05 4.500000000000000000e+00 4.883000000000000118e-01 2.112999999999999948e-02
9.499999999999999556e-01 4.029999999999999728e-03 1.000000000000000000e+05 4.500000000000000000e+00 4.883000000000000118e-01 2.112999999999999948e-02
9.000000000000000222e-01 7.239999999999999908e-03 1.000000000000000000e+05 4.500000000000000000e+00 4.883000000000000118e-01 2.112999999999999948e-02
8.000000000000000444e-01 1.311999999999999972e-02 1.000000000000000000e+05 4.500000000000000000e+00 4.883000000000000118e-01 2.112999999999999948e-02
6.999999999999999556e-01 1.831999999999999948e-02 1.000000000000000000e+05 4.500000000000000000e+00 4.883000000000000118e-01 2.112999999999999948e-02
5.999999999999999778e-01 2.282000000000000001e-02 1.000000000000000000e+05 4.500000000000000000e+00 4.883000000000000118e-01 2.112999999999999948e-02
5.000000000000000000e-01 2.647000000000000047e-02 1.000000000000000000e+05 4.500000000000000000e+00 4.883000000000000118e-01 2.112999999999999948e-02
4.000000000000000222e-01 2.902000000000000066e-02 1.000000000000000000e+05 4.500000000000000000e+00 4.883000000000000118e-01 2.112999999999999948e-02
2.999999999999999889e-01 3.000999999999999848e-02 1.000000000000000000e+05 4.500000000000000000e+00 4.883000000000000118e-01 2.112999999999999948e-02
2.500000000000000000e-01 2.971000000000000030e-02 1.000000000000000000e+05 4.500000000000000000e+00 4.883000000000000118e-01 2.112999999999999948e-02
2.000000000000000111e-01 2.869000000000000022e-02 1.000000000000000000e+05 4.500000000000000000e+00 4.883000000000000118e-01 2.112999999999999948e-02
1.499999999999999944e-01 2.673000000000000029e-02 1.000000000000000000e+05 4.500000000000000000e+00 4.883000000000000118e-01 2.112999999999999948e-02
1.000000000000000056e-01 2.341000000000000025e-02 1.000000000000000000e+05 4.500000000000000000e+00 4.883000000000000118e-01 2.112999999999999948e-02
7.499999999999999722e-02 2.100000000000000130e-02 1.000000000000000000e+05 4.500000000000000000e+00 4.883000000000000118e-01 2.112999999999999948e-02
5.000000000000000278e-02 1.777000000000000107e-02 1.000000000000000000e+05 4.500000000000000000e+00 4.883000000000000118e-01 2.112999999999999948e-02
2.500000000000000139e-02 1.307000000000000002e-02 1.000000000000000000e+05 4.500000000000000000e+00 4.883000000000000118e-01 2.112999999999999948e-02
1.250000000000000069e-02 9.469999999999999252e-03 1.000000000000000000e+05 4.500000000000000000e+00 4.883000000000000118e-01 2.112999999999999948e-02
0.000000000000000000e+00 0.000000000000000000e+00 1.000000000000000000e+05 4.500000000000000000e+00 4.883000000000000118e-01 2.112999999999999948e-02
1.250000000000000069e-02 -9.469999999999999252e-03 1.000000000000000000e+05 4.500000000000000000e+00 4.883000000000000118e-01 2.112999999999999948e-02
2.500000000000000139e-02 -1.307000000000000002e-02 1.000000000000000000e+05 4.500000000000000000e+00 4.883000000000000118e-01 2.112999999999999948e-02
5.000000000000000278e-02 -1.777000000000000107e-02 1.000000000000000000e+05 4.500000000000000000e+00 4.883000000000000118e-01 2.112999999999999948e-02
7.499999999999999722e-02 -2.100000000000000130e-02 1.000000000000000000e+05 4.500000000000000000e+00 4.883000000000000118e-01 2.112999999999999948e-02
1.000000000000000056e-01 -2.341000000000000025e-02 1.000000000000000000e+05 4.500000000000000000e+00 4.883000000000000118e-01 2.112999999999999948e-02
1.499999999999999944e-01 -2.673000000000000029e-02 1.000000000000000000e+05 4.500000000000000000e+00 4.883000000000000118e-01 2.112999999999999948e-02
2.000000000000000111e-01 -2.869000000000000022e-02 1.000000000000000000e+05 4.500000000000000000e+00 4.883000000000000118e-01 2.112999999999999948e-02
2.500000000000000000e-01 -2.971000000000000030e-02 1.000000000000000000e+05 4.500000000000000000e+00 4.883000000000000118e-01 2.112999999999999948e-02
2.999999999999999889e-01 -3.000999999999999848e-02 1.000000000000000000e+05 4.500000000000000000e+00 4.883000000000000118e-01 2.112999999999999948e-02
4.000000000000000222e-01 -2.902000000000000066e-02 1.000000000000000000e+05 4.500000000000000000e+00 4.883000000000000118e-01 2.112999999999999948e-02
5.000000000000000000e-01 -2.647000000000000047e-02 1.000000000000000000e+05 4.500000000000000000e+00 4.883000000000000118e-01 2.112999999999999948e-02
5.999999999999999778e-01 -2.282000000000000001e-02 1.000000000000000000e+05 4.500000000000000000e+00 4.883000000000000118e-01 2.112999999999999948e-02
6.999999999999999556e-01 -1.831999999999999948e-02 1.000000000000000000e+05 4.500000000000000000e+00 4.883000000000000118e-01 2.112999999999999948e-02
8.000000000000000444e-01 -1.311999999999999972e-02 1.000000000000000000e+05 4.500000000000000000e+00 4.883000000000000118e-01 2.112999999999999948e-02
9.000000000000000222e-01 -7.239999999999999908e-03 1.000000000000000000e+05 4.500000000000000000e+00 4.883000000000000118e-01 2.112999999999999948e-02
9.499999999999999556e-01 -4.029999999999999728e-03 1.000000000000000000e+05 4.500000000000000000e+00 4.883000000000000118e-01 2.112999999999999948e-02
1.000000000000000000e+00 -6.300000000000000261e-04 1.000000000000000000e+05 4.500000000000000000e+00 4.883000000000000118e-01 2.112999999999999948e-02
