1.000000000000000000e+00 0.000000000000000000e+00 1.000000000000000000e+06 -7.500000000000000000e-01 1.717863231897354126e-01 6.471413653343915939e-03
9.519600272178649902e-01 2.239999920129776001e-02 1.000000000000000000e+06 -7.500000000000000000e-01 1.717863231897354126e-01 6.471413653343915939e-03
9.031999707221984863e-01 4.098999872803688049e-02 1.000000000000000000e+06 -7.500000000000000000e-01 1.717863231897354126e-01 6.471413653343915939e-03
8.046399950981140137e-01 7.446999847888946533e-02 1.000000000000000000e+06 -7.500000000000000000e-01 1.717863231897354126e-01 6.471413653343915939e-03
7.048699855804443359e-01 1.031199991703033447e-01 1.000000000000000000e+06 -7.500000000000000000e-01 1.717863231897354126e-01 6.471413653343915939e-03
6.040499806404113770e-01 1.267399936914443970e-01 1.000000000000000000e+06 -7.500000000000000000e-01 1.717863231897354126e-01 6.471413653343915939e-03
5.023499727249145508e-01 1.447400003671646118e-01 1.000000000000000000e+06 -7.500000000000000000e-01 1.717863231897354126e-01 6.471413653343915939e-03
4.000000059604644775e-01 1.560599952936172485e-01 1.000000000000000000e+06 -7.500000000000000000e-01 1.717863231897354126e-01 6.471413653343915939e-03
2.940100133419036865e-01 1.573799997568130493e-01 1.000000000000000000e+06 -7.500000000000000000e-01 1.717863231897354126e-01 6.471413653343915939e-03
2.411099970340728760e-01 1.528699994087219238e-01 1.000000000000000000e+06 -7.500000000000000000e-01 1.717863231897354126e-01 6.471413653343915939e-03
1.885800063610076904e-01 1.441600024700164795e-01 1.000000000000000000e+06 -7.500000000000000000e-01 1.717863231897354126e-01 6.471413653343915939e-03
1.367399990558624268e-01 1.304499953985214233e-01 1.000000000000000000e+06 -7.500000000000000000e-01 1.717863231897354126e-01 6.471413653343915939e-03
8.611000329256057739e-02 1.101199984550476074e-01 1.000000000000000000e+06 -7.500000000000000000e-01 1.717863231897354126e-01 6.471413653343915939e-03
6.153000146150588989e-02 9.651000052690505981e-02 1.000000000000000000e+06 -7.500000000000000000e-01 1.717863231897354126e-01 6.471413653343915939e-03
3.774999827146530151e-02 7.942000031471252441e-02 1.000000000000000000e+06 -7.500000000000000000e-01 1.717863231897354126e-01 6.471413653343915939e-03
1.535999961197376251e-02 5.623999983072280884e-02 1.000000000000000000e+06 -7.500000000000000000e-01 1.717863231897354126e-01 6.471413653343915939e-03
5.299999844282865524e-03 3.963999822735786438e-02 1.000000000000000000e+06 -7.500000000000000000e-01 1.717863231897354126e-01 6.471413653343915939e-03
0.000000000000000000e+00 0.000000000000000000e+00 1.000000000000000000e+06 -7.500000000000000000e-01 1.717863231897354126e-01 6.471413653343915939e-03
1.970000006258487701e-02 -3.471999987959861755e-02 1.000000000000000000e+06 -7.500000000000000000e-01 1.717863231897354126e-01 6.471413653343915939e-03
3.463999927043914795e-02 -4.656000062823295593e-02 1.000000000000000000e+06 -7.500000000000000000e-01 1.717863231897354126e-01 6.471413653343915939e-03
6.224999949336051941e-02 -6.066000089049339294e-02 1.000000000000000000e+06 -7.500000000000000000e-01 1.717863231897354126e-01 6.471413653343915939e-03
8.846999704837799072e-02 -6.931000202894210815e-02 1.000000000000000000e+06 -7.500000000000000000e-01 1.717863231897354126e-01 6.471413653343915939e-03
1.138899996876716614e-01 -7.512000203132629395e-02 1.000000000000000000e+06 -7.500000000000000000e-01 1.717863231897354126e-01 6.471413653343915939e-03
1.632599979639053345e-01 -8.168999850749969482e-02 1.000000000000000000e+06 -7.500000000000000000e-01 1.717863231897354126e-01 6.471413653343915939e-03
2.114199995994567871e-01 -8.416000008583068848e-02 1.000000000000000000e+06 -7.500000000000000000e-01 1.717863231897354126e-01 6.471413653343915939e-03
2.588900029659271240e-01 -8.410999923944473267e-02 1.000000000000000000e+06 -7.500000000000000000e-01 1.717863231897354126e-01 6.471413653343915939e-03
3.059900104999542236e-01 -8.237999677658081055e-02 1.000000000000000000e+06 -7.500000000000000000e-01 1.717863231897354126e-01 6.471413653343915939e-03
4.000000059604644775e-01 -7.605999708175659180e-02 1.000000000000000000e+06 -7.500000000000000000e-01 1.717863231897354126e-01 6.471413653343915939e-03
4.976499974727630615e-01 -6.697999686002731323e-02 1.000000000000000000e+06 -7.500000000000000000e-01 1.717863231897354126e-01 6.471413653343915939e-03
5.959500074386596680e-01 -5.561999976634979248e-02 1.000000000000000000e+06 -7.500000000000000000e-01 1.717863231897354126e-01 6.471413653343915939e-03
6.951299905776977539e-01 -4.312000051140785217e-02 1.000000000000000000e+06 -7.500000000000000000e-01 1.717863231897354126e-01 6.471413653343915939e-03
7.953600287437438965e-01 -3.002999909222126007e-02 1.000000000000000000e+06 -7.500000000000000000e-01 1.717863231897354126e-01 6.471413653343915939e-03
8.967999815940856934e-01 -1.655000075697898865e-02 1.000000000000000000e+06 -7.500000000000000000e-01 1.717863231897354126e-01 6.471413653343915939e-03
9.480400085449218750e-01 -9.639999829232692719e-03 1.000000000000000000e+06 -7.500000000000000000e-01 1.717863231897354126e-01 6.471413653343915939e-03
1.000000000000000000e+00 0.000000000000000000e+00 1.000000000000000000e+06 -7.500000000000000000e-01 1.717863231897354126e-01 6.471413653343915939e-03
0.000000000000000000e+00 0.000000000000000000e+00 1.000000000000000000e+06 -7.500000000000000000e-01 1.717863231897354126e-01 6.471413653343915939e-03
0.000000000000000000e+00 0.000000000000000000e+00 1.000000000000000000e+06 -7.500000000000000000e-01 1.717863231897354126e-01 6.471413653343915939e-03
0.000000000000000000e+00 0.000000000000000000e+00 1.000000000000000000e+06 -7.500000000000000000e-01 1.717863231897354126e-01 6.471413653343915939e-03
0.000000000000000000e+00 0.000000000000000000e+00 1.000000000000000000e+06 -7.500000000000000000e-01 1.717863231897354126e-01 6.471413653343915939e-03
0.000000000000000000e+00 0.000000000000000000e+00 1.000000000000000000e+06 -7.500000000000000000e-01 1.717863231897354126e-01 6.471413653343915939e-03
0.000000000000000000e+00 0.000000000000000000e+00 1.000000000000000000e+06 -7.500000000000000000e-01 1.717863231897354126e-01 6.471413653343915939e-03
0.000000000000000000e+00 0.000000000000000000e+00 1.000000000000000000e+06 -7.500000000000000000e-01 1.717863231897354126e-01 6.471413653343915939e-03
0.000000000000000000e+00 0.000000000000000000e+00 1.000000000000000000e+06 -7.500000000000000000e-01 1.717863231897354126e-01 6.471413653343915939e-03
0.000000000000000000e+00 0.000000000000000000e+00 1.000000000000000000e+06 -7.500000000000000000e-01 1.717863231897354126e-01 6.471413653343915939e-03
0.000000000000000000e+00 0.000000000000000000e+00 1.000000000000000000e+06 -7.500000000000000000e-01 1.717863231897354126e-01 6.471413653343915939e-03
0.000000000000000000e+00 0.000000000000000000e+00 1.000000000000000000e+06 -7.500000000000000000e-01 1.717863231897354126e-01 6.471413653343915939e-03
0.000000000000000000e+00 0.000000000000000000e+00 1.000000000000000000e+06 -7.500000000000000000e-01 1.717863231897354126e-01 6.471413653343915939e-03
0.000000000000000000e+00 0.000000000000000000e+00 1.000000000000000000e+06 -7.500000000000000000e-01 1.717863231897354126e-01 6.471413653343915939e-03
0.000000000000000000e+00 0.000000000000000000e+00 1.000000000000000000e+06 -7.500000000000000000e-01 1.717863231897354126e-01 6.471413653343915939e-03
0.000000000000000000e+00 0.000000000000000000e+00 1.000000000000000000e+06 -7.500000000000000000e-01 1.717863231897354126e-01 6.471413653343915939e-03
0.000000000000000000e+00 0.000000000000000000e+00 1.000000000000000000e+06 -7.500000000000000000e-01 1.717863231897354126e-01 6.471413653343915939e-03
0.000000000000000000e+00 0.000000000000000000e+00 1.000000000000000000e+06 -7.500000000000000000e-01 1.717863231897354126e-01 6.471413653343915939e-03
0.000000000000000000e+00 0.000000000000000000e+00 1.000000000000000000e+06 -7.500000000000000000e-01 1.717863231897354126e-01 6.471413653343915939e-03
0.000000000000000000e+00 0.000000000000000000e+00 1.000000000000000000e+06 -7.500000000000000000e-01 1.717863231897354126e-01 6.471413653343915939e-03
0.000000000000000000e+00 0.000000000000000000e+00 1.000000000000000000e+06 -7.500000000000000000e-01 1.717863231897354126e-01 6.471413653343915939e-03
0.000000000000000000e+00 0.000000000000000000e+00 1.000000000000000000e+06 -7.500000000000000000e-01 1.717863231897354126e-01 6.471413653343915939e-03
0.000000000000000000e+00 0.000000000000000000e+00 1.000000000000000000e+06 -7.500000000000000000e-01 1.717863231897354126e-01 6.471413653343915939e-03
0.000000000000000000e+00 0.000000000000000000e+00 1.000000000000000000e+06 -7.500000000000000000e-01 1.717863231897354126e-01 6.471413653343915939e-03
0.000000000000000000e+00 0.000000000000000000e+00 1.000000000000000000e+06 -7.500000000000000000e-01 1.717863231897354126e-01 6.471413653343915939e-03
0.000000000000000000e+00 0.000000000000000000e+00 1.000000000000000000e+06 -7.500000000000000000e-01 1.717863231897354126e-01 6.471413653343915939e-03
0.000000000000000000e+00 0.000000000000000000e+00 1.000000000000000000e+06 -7.500000000000000000e-01 1.717863231897354126e-01 6.471413653343915939e-03
0.000000000000000000e+00 0.000000000000000000e+00 1.000000000000000000e+06 -7.500000000000000000e-01 1.717863231897354126e-01 6.471413653343915939e-03
0.000000000000000000e+00 0.000000000000000000e+00 1.000000000000000000e+06 -7.500000000000000000e-01 1.717863231897354126e-01 6.471413653343915939e-03
0.000000000000000000e+00 0.000000000000000000e+00 1.000000000000000000e+06 -7.500000000000000000e-01 1.717863231897354126e-01 6.471413653343915939e-03
0.000000000000000000e+00 0.000000000000000000e+00 1.000000000000000000e+06 -7.500000000000000000e-01 1.717863231897354126e-01 6.471413653343915939e-03
0.000000000000000000e+00 0.000000000000000000e+00 1.000000000000000000e+06 -7.500000000000000000e-01 1.717863231897354126e-01 6.471413653343915939e-03
0.000000000000000000e+00 0.000000000000000000e+00 1.000000000000000000e+06 -7.500000000000000000e-01 1.717863231897354126e-01 6.471413653343915939e-03
0.000000000000000000e+00 0.000000000000000000e+00 1.000000000000000000e+06 -7.500000000000000000e-01 1.717863231897354126e-01 6.471413653343915939e-03
0.000000000000000000e+00 0.000000000000000000e+00 1.000000000000000000e+06 -7.500000000000000000e-01 1.717863231897354126e-01 6.471413653343915939e-03
