1.000000000000000000e+00 2.199999988079071045e-03 5.000000000000000000e+04 5.750000000000000000e+00 3.645349442958831787e-01 7.683662325143814087e-02
9.499999880790710449e-01 1.759999990463256836e-02 5.000000000000000000e+04 5.750000000000000000e+00 3.645349442958831787e-01 7.683662325143814087e-02
8.999999761581420898e-01 3.180000185966491699e-02 5.000000000000000000e+04 5.750000000000000000e+00 3.645349442958831787e-01 7.683662325143814087e-02
8.000000119209289551e-01 5.739999935030937195e-02 5.000000000000000000e+04 5.750000000000000000e+00 3.645349442958831787e-01 7.683662325143814087e-02
6.999999880790710449e-01 7.940000295639038086e-02 5.000000000000000000e+04 5.750000000000000000e+00 3.645349442958831787e-01 7.683662325143814087e-02
6.000000238418579102e-01 9.790000319480895996e-02 5.000000000000000000e+04 5.750000000000000000e+00 3.645349442958831787e-01 7.683662325143814087e-02
5.000000000000000000e-01 1.121999993920326233e-01 5.000000000000000000e+04 5.750000000000000000e+00 3.645349442958831787e-01 7.683662325143814087e-02
4.000000059604644775e-01 1.216000020503997803e-01 5.000000000000000000e+04 5.750000000000000000e+00 3.645349442958831787e-01 7.683662325143814087e-02
3.000000119209289551e-01 1.238000020384788513e-01 5.000000000000000000e+04 5.750000000000000000e+00 3.645349442958831787e-01 7.683662325143814087e-02
2.500000000000000000e-01 1.215000003576278687e-01 5.000000000000000000e+04 5.750000000000000000e+00 3.645349442958831787e-01 7.683662325143814087e-02
2.000000029802322388e-01 1.159000024199485779e-01 5.000000000000000000e+04 5.750000000000000000e+00 3.645349442958831787e-01 7.683662325143814087e-02
1.500000059604644775e-01 1.070000007748603821e-01 5.000000000000000000e+04 5.750000000000000000e+00 3.645349442958831787e-01 7.683662325143814087e-02
1.000000014901161194e-01 9.279999881982803345e-02 5.000000000000000000e+04 5.750000000000000000e+00 3.645349442958831787e-01 7.683662325143814087e-02
7.500000298023223877e-02 8.290000259876251221e-02 5.000000000000000000e+04 5.750000000000000000e+00 3.645349442958831787e-01 7.683662325143814087e-02
5.000000074505805969e-02 7.000000029802322388e-02 5.000000000000000000e+04 5.750000000000000000e+00 3.645349442958831787e-01 7.683662325143814087e-02
2.500000037252902985e-02 5.209999904036521912e-02 5.000000000000000000e+04 5.750000000000000000e+00 3.645349442958831787e-01 7.683662325143814087e-02
1.250000018626451492e-02 3.869999945163726807e-02 5.000000000000000000e+04 5.750000000000000000e+00 3.645349442958831787e-01 7.683662325143814087e-02
0.000000000000000000e+00 0.000000000000000000e+00 5.000000000000000000e+04 5.750000000000000000e+00 3.645349442958831787e-01 7.683662325143814087e-02
1.250000018626451492e-02 -2.820000052452087402e-02 5.000000000000000000e+04 5.750000000000000000e+00 3.645349442958831787e-01 7.683662325143814087e-02
2.500000037252902985e-02 -4.019999876618385315e-02 5.000000000000000000e+04 5.750000000000000000e+00 3.645349442958831787e-01 7.683662325143814087e-02
5.000000074505805969e-02 -5.510000139474868774e-02 5.000000000000000000e+04 5.750000000000000000e+00 3.645349442958831787e-01 7.683662325143814087e-02
7.500000298023223877e-02 -6.480000168085098267e-02 5.000000000000000000e+04 5.750000000000000000e+00 3.645349442958831787e-01 7.683662325143814087e-02
1.000000014901161194e-01 -7.180000096559524536e-02 5.000000000000000000e+04 5.750000000000000000e+00 3.645349442958831787e-01 7.683662325143814087e-02
1.500000059604644775e-01 -8.049999922513961792e-02 5.000000000000000000e+04 5.750000000000000000e+00 3.645349442958831787e-01 7.683662325143814087e-02
2.000000029802322388e-01 -8.519999682903289795e-02 5.000000000000000000e+04 5.750000000000000000e+00 3.645349442958831787e-01 7.683662325143814087e-02
2.500000000000000000e-01 -8.669999986886978149e-02 5.000000000000000000e+04 5.750000000000000000e+00 3.645349442958831787e-01 7.683662325143814087e-02
3.000000119209289551e-01 -8.619999885559082031e-02 5.000000000000000000e+04 5.750000000000000000e+00 3.645349442958831787e-01 7.683662325143814087e-02
4.000000059604644775e-01 -8.160000294446945190e-02 5.000000000000000000e+04 5.750000000000000000e+00 3.645349442958831787e-01 7.683662325143814087e-02
5.000000000000000000e-01 -7.310000061988830566e-02 5.000000000000000000e+04 5.750000000000000000e+00 3.645349442958831787e-01 7.683662325143814087e-02
6.000000238418579102e-01 -6.170000135898590088e-02 5.000000000000000000e+04 5.750000000000000000e+00 3.645349442958831787e-01 7.683662325143814087e-02
6.999999880790710449e-01 -4.870000109076499939e-02 5.000000000000000000e+04 5.750000000000000000e+00 3.645349442958831787e-01 7.683662325143814087e-02
8.000000119209289551e-01 -3.440000116825103760e-02 5.000000000000000000e+04 5.750000000000000000e+00 3.645349442958831787e-01 7.683662325143814087e-02
8.999999761581420898e-01 -1.879999972879886627e-02 5.000000000000000000e+04 5.750000000000000000e+00 3.645349442958831787e-01 7.683662325143814087e-02
9.499999880790710449e-01 -1.059999968856573105e-02 5.000000000000000000e+04 5.750000000000000000e+00 3.645349442958831787e-01 7.683662325143814087e-02
1.000000000000000000e+00 -2.199999988079071045e-03 5.000000000000000000e+04 5.750000000000000000e+00 3.645349442958831787e-01 7.683662325143814087e-02
0.000000000000000000e+00 0.000000000000000000e+00 5.000000000000000000e+04 5.750000000000000000e+00 3.645349442958831787e-01 7.683662325143814087e-02
0.000000000000000000e+00 0.000000000000000000e+00 5.000000000000000000e+04 5.750000000000000000e+00 3.645349442958831787e-01 7.683662325143814087e-02
0.000000000000000000e+00 0.000000000000000000e+00 5.000000000000000000e+04 5.750000000000000000e+00 3.645349442958831787e-01 7.683662325143814087e-02
0.000000000000000000e+00 0.000000000000000000e+00 5.000000000000000000e+04 5.750000000000000000e+00 3.645349442958831787e-01 7.683662325143814087e-02
0.000000000000000000e+00 0.000000000000000000e+00 5.000000000000000000e+04 5.750000000000000000e+00 3.645349442958831787e-01 7.683662325143814087e-02
0.000000000000000000e+00 0.000000000000000000e+00 5.000000000000000000e+04 5.750000000000000000e+00 3.645349442958831787e-01 7.683662325143814087e-02
0.000000000000000000e+00 0.000000000000000000e+00 5.000000000000000000e+04 5.750000000000000000e+00 3.645349442958831787e-01 7.683662325143814087e-02
0.000000000000000000e+00 0.000000000000000000e+00 5.000000000000000000e+04 5.750000000000000000e+00 3.645349442958831787e-01 7.683662325143814087e-02
0.000000000000000000e+00 0.000000000000000000e+00 5.000000000000000000e+04 5.750000000000000000e+00 3.645349442958831787e-01 7.683662325143814087e-02
0.000000000000000000e+00 0.000000000000000000e+00 5.000000000000000000e+04 5.750000000000000000e+00 3.645349442958831787e-01 7.683662325143814087e-02
0.000000000000000000e+00 0.000000000000000000e+00 5.000000000000000000e+04 5.750000000000000000e+00 3.645349442958831787e-01 7.683662325143814087e-02
0.000000000000000000e+00 0.000000000000000000e+00 5.000000000000000000e+04 5.750000000000000000e+00 3.645349442958831787e-01 7.683662325143814087e-02
0.000000000000000000e+00 0.000000000000000000e+00 5.000000000000000000e+04 5.750000000000000000e+00 3.645349442958831787e-01 7.683662325143814087e-02
0.000000000000000000e+00 0.000000000000000000e+00 5.000000000000000000e+04 5.750000000000000000e+00 3.645349442958831787e-01 7.683662325143814087e-02
0.000000000000000000e+00 0.000000000000000000e+00 5.000000000000000000e+04 5.750000000000000000e+00 3.645349442958831787e-01 7.683662325143814087e-02
0.000000000000000000e+00 0.000000000000000000e+00 5.000000000000000000e+04 5.750000000000000000e+00 3.645349442958831787e-01 7.683662325143814087e-02
0.000000000000000000e+00 0.000000000000000000e+00 5.000000000000000000e+04 5.750000000000000000e+00 3.645349442958831787e-01 7.683662325143814087e-02
0.000000000000000000e+00 0.000000000000000000e+00 5.000000000000000000e+04 5.750000000000000000e+00 3.645349442958831787e-01 7.683662325143814087e-02
0.000000000000000000e+00 0.000000000000000000e+00 5.000000000000000000e+04 5.750000000000000000e+00 3.645349442958831787e-01 7.683662325143814087e-02
0.000000000000000000e+00 0.000000000000000000e+00 5.000000000000000000e+04 5.750000000000000000e+00 3.645349442958831787e-01 7.683662325143814087e-02
0.000000000000000000e+00 0.000000000000000000e+00 5.000000000000000000e+04 5.750000000000000000e+00 3.645349442958831787e-01 7.683662325143814087e-02
0.000000000000000000e+00 0.000000000000000000e+00 5.000000000000000000e+04 5.750000000000000000e+00 3.645349442958831787e-01 7.683662325143814087e-02
0.000000000000000000e+00 0.000000000000000000e+00 5.000000000000000000e+04 5.750000000000000000e+00 3.645349442958831787e-01 7.683662325143814087e-02
0.000000000000000000e+00 0.000000000000000000e+00 5.000000000000000000e+04 5.750000000000000000e+00 3.645349442958831787e-01 7.683662325143814087e-02
0.000000000000000000e+00 0.000000000000000000e+00 5.000000000000000000e+04 5.750000000000000000e+00 3.645349442958831787e-01 7.683662325143814087e-02
0.000000000000000000e+00 0.000000000000000000e+00 5.000000000000000000e+04 5.750000000000000000e+00 3.645349442958831787e-01 7.683662325143814087e-02
0.000000000000000000e+00 0.000000000000000000e+00 5.000000000000000000e+04 5.750000000000000000e+00 3.645349442958831787e-01 7.683662325143814087e-02
0.000000000000000000e+00 0.000000000000000000e+00 5.000000000000000000e+04 5.750000000000000000e+00 3.645349442958831787e-01 7.683662325143814087e-02
0.000000000000000000e+00 0.000000000000000000e+00 5.000000000000000000e+04 5.750000000000000000e+00 3.645349442958831787e-01 7.683662325143814087e-02
0.000000000000000000e+00 0.000000000000000000e+00 5.000000000000000000e+04 5.750000000000000000e+00 3.645349442958831787e-01 7.683662325143814087e-02
0.000000000000000000e+00 0.000000000000000000e+00 5.000000000000000000e+04 5.750000000000000000e+00 3.645349442958831787e-01 7.683662325143814087e-02
0.000000000000000000e+00 0.000000000000000000e+00 5.000000000000000000e+04 5.750000000000000000e+00 3.645349442958831787e-01 7.683662325143814087e-02
0.000000000000000000e+00 0.000000000000000000e+00 5.000000000000000000e+04 5.750000000000000000e+00 3.645349442958831787e-01 7.683662325143814087e-02
0.000000000000000000e+00 0.000000000000000000e+00 5.000000000000000000e+04 5.750000000000000000e+00 3.645349442958831787e-01 7.683662325143814087e-02
