1.000000000000000000e+00 0.000000000000000000e+00 5.000000000000000000e+04 8.000000000000000000e+00 1.361999999999999877e-01 1.133500000000000063e-01
9.509800000000000475e-01 1.930000000000000118e-02 5.000000000000000000e+04 8.000000000000000000e+00 1.361999999999999877e-01 1.133500000000000063e-01
9.016100000000000225e-01 3.502000000000000252e-02 5.000000000000000000e+04 8.000000000000000000e+00 1.361999999999999877e-01 1.133500000000000063e-01
8.023299999999999876e-01 6.351999999999999313e-02 5.000000000000000000e+04 8.000000000000000000e+00 1.361999999999999877e-01 1.133500000000000063e-01
7.024399999999999533e-01 8.823999999999999899e-02 5.000000000000000000e+04 8.000000000000000000e+00 1.361999999999999877e-01 1.133500000000000063e-01
6.020299999999999541e-01 1.090300000000000019e-01 5.000000000000000000e+04 8.000000000000000000e+00 1.361999999999999877e-01 1.133500000000000063e-01
5.011799999999999589e-01 1.253199999999999870e-01 5.000000000000000000e+04 8.000000000000000000e+00 1.361999999999999877e-01 1.133500000000000063e-01
4.000000000000000222e-01 1.360599999999999865e-01 5.000000000000000000e+04 8.000000000000000000e+00 1.361999999999999877e-01 1.133500000000000063e-01
2.969999999999999862e-01 1.387400000000000022e-01 5.000000000000000000e+04 8.000000000000000000e+00 1.361999999999999877e-01 1.133500000000000063e-01
2.455499999999999905e-01 1.359299999999999953e-01 5.000000000000000000e+04 8.000000000000000000e+00 1.361999999999999877e-01 1.133500000000000063e-01
1.942699999999999982e-01 1.295900000000000107e-01 5.000000000000000000e+04 8.000000000000000000e+00 1.361999999999999877e-01 1.133500000000000063e-01
1.433300000000000129e-01 1.188799999999999996e-01 5.000000000000000000e+04 8.000000000000000000e+00 1.361999999999999877e-01 1.133500000000000063e-01
9.299999999999999933e-02 1.021500000000000047e-01 5.000000000000000000e+04 8.000000000000000000e+00 1.361999999999999877e-01 1.133500000000000063e-01
6.819999999999999674e-02 9.052000000000000324e-02 5.000000000000000000e+04 8.000000000000000000e+00 1.361999999999999877e-01 1.133500000000000063e-01
4.379999999999999866e-02 7.552000000000000379e-02 5.000000000000000000e+04 8.000000000000000000e+00 1.361999999999999877e-01 1.133500000000000063e-01
2.011999999999999900e-02 5.448999999999999677e-02 5.000000000000000000e+04 8.000000000000000000e+00 1.361999999999999877e-01 1.133500000000000063e-01
8.550000000000000308e-03 3.892000000000000320e-02 5.000000000000000000e+04 8.000000000000000000e+00 1.361999999999999877e-01 1.133500000000000063e-01
0.000000000000000000e+00 0.000000000000000000e+00 5.000000000000000000e+04 8.000000000000000000e+00 1.361999999999999877e-01 1.133500000000000063e-01
1.615000000000000116e-02 -3.645999999999999935e-02 5.000000000000000000e+04 8.000000000000000000e+00 1.361999999999999877e-01 1.133500000000000063e-01
2.988000000000000031e-02 -4.964999999999999969e-02 5.000000000000000000e+04 8.000000000000000000e+00 1.361999999999999877e-01 1.133500000000000063e-01
5.619999999999999996e-02 -6.614000000000000434e-02 5.000000000000000000e+04 8.000000000000000000e+00 1.361999999999999877e-01 1.133500000000000063e-01
8.179999999999999771e-02 -7.692000000000000226e-02 5.000000000000000000e+04 8.000000000000000000e+00 1.361999999999999877e-01 1.133500000000000063e-01
1.069999999999999979e-01 -8.465000000000000302e-02 5.000000000000000000e+04 8.000000000000000000e+00 1.361999999999999877e-01 1.133500000000000063e-01
1.566700000000000037e-01 -9.450000000000000067e-02 5.000000000000000000e+04 8.000000000000000000e+00 1.361999999999999877e-01 1.133500000000000063e-01
2.057299999999999962e-01 -9.958999999999999797e-02 5.000000000000000000e+04 8.000000000000000000e+00 1.361999999999999877e-01 1.133500000000000063e-01
2.544500000000000095e-01 -1.015500000000000014e-01 5.000000000000000000e+04 8.000000000000000000e+00 1.361999999999999877e-01 1.133500000000000063e-01
3.029999999999999916e-01 -1.012399999999999967e-01 5.000000000000000000e+04 8.000000000000000000e+00 1.361999999999999877e-01 1.133500000000000063e-01
4.000000000000000222e-01 -9.606000000000000649e-02 5.000000000000000000e+04 8.000000000000000000e+00 1.361999999999999877e-01 1.133500000000000063e-01
4.988199999999999856e-01 -8.644000000000000294e-02 5.000000000000000000e+04 8.000000000000000000e+00 1.361999999999999877e-01 1.133500000000000063e-01
5.979700000000000015e-01 -7.346999999999999365e-02 5.000000000000000000e+04 8.000000000000000000e+00 1.361999999999999877e-01 1.133500000000000063e-01
6.975599999999999579e-01 -5.824000000000000010e-02 5.000000000000000000e+04 8.000000000000000000e+00 1.361999999999999877e-01 1.133500000000000063e-01
7.976699999999999902e-01 -4.130000000000000338e-02 5.000000000000000000e+04 8.000000000000000000e+00 1.361999999999999877e-01 1.133500000000000063e-01
8.983900000000000219e-01 -2.280000000000000082e-02 5.000000000000000000e+04 8.000000000000000000e+00 1.361999999999999877e-01 1.133500000000000063e-01
9.490199999999999747e-01 -1.291999999999999919e-02 5.000000000000000000e+04 8.000000000000000000e+00 1.361999999999999877e-01 1.133500000000000063e-01
1.000000000000000000e+00 0.000000000000000000e+00 5.000000000000000000e+04 8.000000000000000000e+00 1.361999999999999877e-01 1.133500000000000063e-01
