1.000000000000000000e+00 0.000000000000000000e+00 5.000000000000000000e+05 1.475000000000000000e+01 9.963263869285583496e-01 5.326423421502113342e-02
9.503600001335144043e-01 1.724000088870525360e-02 5.000000000000000000e+05 1.475000000000000000e+01 9.963263869285583496e-01 5.326423421502113342e-02
9.006400108337402344e-01 3.115000016987323761e-02 5.000000000000000000e+05 1.475000000000000000e+01 9.963263869285583496e-01 5.326423421502113342e-02
8.011599779129028320e-01 5.686999857425689697e-02 5.000000000000000000e+05 1.475000000000000000e+01 9.963263869285583496e-01 5.326423421502113342e-02
7.016199827194213867e-01 7.987999916076660156e-02 5.000000000000000000e+05 1.475000000000000000e+01 9.963263869285583496e-01 5.326423421502113342e-02
6.020200252532958984e-01 1.000799983739852905e-01 5.000000000000000000e+05 1.475000000000000000e+01 9.963263869285583496e-01 5.326423421502113342e-02
5.023499727249145508e-01 1.168999969959259033e-01 5.000000000000000000e+05 1.475000000000000000e+01 9.963263869285583496e-01 5.326423421502113342e-02
4.025599956512451172e-01 1.292800009250640869e-01 5.000000000000000000e+05 1.475000000000000000e+01 9.963263869285583496e-01 5.326423421502113342e-02
3.026500046253204346e-01 1.354600042104721069e-01 5.000000000000000000e+05 1.475000000000000000e+01 9.963263869285583496e-01 5.326423421502113342e-02
2.526200115680694580e-01 1.353500038385391235e-01 5.000000000000000000e+05 1.475000000000000000e+01 9.963263869285583496e-01 5.326423421502113342e-02
2.025299966335296631e-01 1.323699951171875000e-01 5.000000000000000000e+05 1.475000000000000000e+01 9.963263869285583496e-01 5.326423421502113342e-02
1.500100046396255493e-01 1.252799928188323975e-01 5.000000000000000000e+05 1.475000000000000000e+01 9.963263869285583496e-01 5.326423421502113342e-02
9.423000365495681763e-02 1.104900017380714417e-01 5.000000000000000000e+05 1.475000000000000000e+01 9.963263869285583496e-01 5.326423421502113342e-02
6.600999832153320312e-02 9.843999892473220825e-02 5.000000000000000000e+05 1.475000000000000000e+01 9.963263869285583496e-01 5.326423421502113342e-02
3.852999955415725708e-02 8.172000199556350708e-02 5.000000000000000000e+05 1.475000000000000000e+01 9.963263869285583496e-01 5.326423421502113342e-02
1.331000030040740967e-02 5.764000117778778076e-02 5.000000000000000000e+05 1.475000000000000000e+01 9.963263869285583496e-01 5.326423421502113342e-02
2.769999904558062553e-03 4.016999900341033936e-02 5.000000000000000000e+05 1.475000000000000000e+01 9.963263869285583496e-01 5.326423421502113342e-02
0.000000000000000000e+00 0.000000000000000000e+00 5.000000000000000000e+05 1.475000000000000000e+01 9.963263869285583496e-01 5.326423421502113342e-02
2.222999930381774902e-02 -3.302999958395957947e-02 5.000000000000000000e+05 1.475000000000000000e+01 9.963263869285583496e-01 5.326423421502113342e-02
3.669000044465065002e-02 -4.431999847292900085e-02 5.000000000000000000e+05 1.475000000000000000e+01 9.963263869285583496e-01 5.326423421502113342e-02
6.146999821066856384e-02 -5.861999839544296265e-02 5.000000000000000000e+05 1.475000000000000000e+01 9.963263869285583496e-01 5.326423421502113342e-02
8.399000018835067749e-02 -6.859999895095825195e-02 5.000000000000000000e+05 1.475000000000000000e+01 9.963263869285583496e-01 5.326423421502113342e-02
1.057699993252754211e-01 -7.647000253200531006e-02 5.000000000000000000e+05 1.475000000000000000e+01 9.963263869285583496e-01 5.326423421502113342e-02
1.499900072813034058e-01 -8.851999789476394653e-02 5.000000000000000000e+05 1.475000000000000000e+01 9.963263869285583496e-01 5.326423421502113342e-02
1.974699944257736206e-01 -9.702999889850616455e-02 5.000000000000000000e+05 1.475000000000000000e+01 9.963263869285583496e-01 5.326423421502113342e-02
2.473800033330917358e-01 -1.022299975156784058e-01 5.000000000000000000e+05 1.475000000000000000e+01 9.963263869285583496e-01 5.326423421502113342e-02
2.973499894142150879e-01 -1.045399978756904602e-01 5.000000000000000000e+05 1.475000000000000000e+01 9.963263869285583496e-01 5.326423421502113342e-02
3.974399864673614502e-01 -1.027799993753433228e-01 5.000000000000000000e+05 1.475000000000000000e+01 9.963263869285583496e-01 5.326423421502113342e-02
4.976600110530853271e-01 -9.482000023126602173e-02 5.000000000000000000e+05 1.475000000000000000e+01 9.963263869285583496e-01 5.326423421502113342e-02
5.979800224304199219e-01 -8.241999894380569458e-02 5.000000000000000000e+05 1.475000000000000000e+01 9.963263869285583496e-01 5.326423421502113342e-02
6.983799934387207031e-01 -6.663999706506729126e-02 5.000000000000000000e+05 1.475000000000000000e+01 9.963263869285583496e-01 5.326423421502113342e-02
7.988399863243103027e-01 -4.803000018000602722e-02 5.000000000000000000e+05 1.475000000000000000e+01 9.963263869285583496e-01 5.326423421502113342e-02
8.993600010871887207e-01 -2.672999911010265350e-02 5.000000000000000000e+05 1.475000000000000000e+01 9.963263869285583496e-01 5.326423421502113342e-02
9.496399760246276855e-01 -1.503999996930360794e-02 5.000000000000000000e+05 1.475000000000000000e+01 9.963263869285583496e-01 5.326423421502113342e-02
1.000000000000000000e+00 0.000000000000000000e+00 5.000000000000000000e+05 1.475000000000000000e+01 9.963263869285583496e-01 5.326423421502113342e-02
0.000000000000000000e+00 0.000000000000000000e+00 5.000000000000000000e+05 1.475000000000000000e+01 9.963263869285583496e-01 5.326423421502113342e-02
0.000000000000000000e+00 0.000000000000000000e+00 5.000000000000000000e+05 1.475000000000000000e+01 9.963263869285583496e-01 5.326423421502113342e-02
0.000000000000000000e+00 0.000000000000000000e+00 5.000000000000000000e+05 1.475000000000000000e+01 9.963263869285583496e-01 5.326423421502113342e-02
0.000000000000000000e+00 0.000000000000000000e+00 5.000000000000000000e+05 1.475000000000000000e+01 9.963263869285583496e-01 5.326423421502113342e-02
0.000000000000000000e+00 0.000000000000000000e+00 5.000000000000000000e+05 1.475000000000000000e+01 9.963263869285583496e-01 5.326423421502113342e-02
0.000000000000000000e+00 0.000000000000000000e+00 5.000000000000000000e+05 1.475000000000000000e+01 9.963263869285583496e-01 5.326423421502113342e-02
0.000000000000000000e+00 0.000000000000000000e+00 5.000000000000000000e+05 1.475000000000000000e+01 9.963263869285583496e-01 5.326423421502113342e-02
0.000000000000000000e+00 0.000000000000000000e+00 5.000000000000000000e+05 1.475000000000000000e+01 9.963263869285583496e-01 5.326423421502113342e-02
0.000000000000000000e+00 0.000000000000000000e+00 5.000000000000000000e+05 1.475000000000000000e+01 9.963263869285583496e-01 5.326423421502113342e-02
0.000000000000000000e+00 0.000000000000000000e+00 5.000000000000000000e+05 1.475000000000000000e+01 9.963263869285583496e-01 5.326423421502113342e-02
0.000000000000000000e+00 0.000000000000000000e+00 5.000000000000000000e+05 1.475000000000000000e+01 9.963263869285583496e-01 5.326423421502113342e-02
0.000000000000000000e+00 0.000000000000000000e+00 5.000000000000000000e+05 1.475000000000000000e+01 9.963263869285583496e-01 5.326423421502113342e-02
0.000000000000000000e+00 0.000000000000000000e+00 5.000000000000000000e+05 1.475000000000000000e+01 9.963263869285583496e-01 5.326423421502113342e-02
0.000000000000000000e+00 0.000000000000000000e+00 5.000000000000000000e+05 1.475000000000000000e+01 9.963263869285583496e-01 5.326423421502113342e-02
0.000000000000000000e+00 0.000000000000000000e+00 5.000000000000000000e+05 1.475000000000000000e+01 9.963263869285583496e-01 5.326423421502113342e-02
0.000000000000000000e+00 0.000000000000000000e+00 5.000000000000000000e+05 1.475000000000000000e+01 9.963263869285583496e-01 5.326423421502113342e-02
0.000000000000000000e+00 0.000000000000000000e+00 5.000000000000000000e+05 1.475000000000000000e+01 9.963263869285583496e-01 5.326423421502113342e-02
0.000000000000000000e+00 0.000000000000000000e+00 5.000000000000000000e+05 1.475000000000000000e+01 9.963263869285583496e-01 5.326423421502113342e-02
0.000000000000000000e+00 0.000000000000000000e+00 5.000000000000000000e+05 1.475000000000000000e+01 9.963263869285583496e-01 5.326423421502113342e-02
0.000000000000000000e+00 0.000000000000000000e+00 5.000000000000000000e+05 1.475000000000000000e+01 9.963263869285583496e-01 5.326423421502113342e-02
0.000000000000000000e+00 0.000000000000000000e+00 5.000000000000000000e+05 1.475000000000000000e+01 9.963263869285583496e-01 5.326423421502113342e-02
0.000000000000000000e+00 0.000000000000000000e+00 5.000000000000000000e+05 1.475000000000000000e+01 9.963263869285583496e-01 5.326423421502113342e-02
0.000000000000000000e+00 0.000000000000000000e+00 5.000000000000000000e+05 1.475000000000000000e+01 9.963263869285583496e-01 5.326423421502113342e-02
0.000000000000000000e+00 0.000000000000000000e+00 5.000000000000000000e+05 1.475000000000000000e+01 9.963263869285583496e-01 5.326423421502113342e-02
0.000000000000000000e+00 0.000000000000000000e+00 5.000000000000000000e+05 1.475000000000000000e+01 9.963263869285583496e-01 5.326423421502113342e-02
0.000000000000000000e+00 0.000000000000000000e+00 5.000000000000000000e+05 1.475000000000000000e+01 9.963263869285583496e-01 5.326423421502113342e-02
0.000000000000000000e+00 0.000000000000000000e+00 5.000000000000000000e+05 1.475000000000000000e+01 9.963263869285583496e-01 5.326423421502113342e-02
0.000000000000000000e+00 0.000000000000000000e+00 5.000000000000000000e+05 1.475000000000000000e+01 9.963263869285583496e-01 5.326423421502113342e-02
0.000000000000000000e+00 0.000000000000000000e+00 5.000000000000000000e+05 1.475000000000000000e+01 9.963263869285583496e-01 5.326423421502113342e-02
0.000000000000000000e+00 0.000000000000000000e+00 5.000000000000000000e+05 1.475000000000000000e+01 9.963263869285583496e-01 5.326423421502113342e-02
0.000000000000000000e+00 0.000000000000000000e+00 5.000000000000000000e+05 1.475000000000000000e+01 9.963263869285583496e-01 5.326423421502113342e-02
0.000000000000000000e+00 0.000000000000000000e+00 5.000000000000000000e+05 1.475000000000000000e+01 9.963263869285583496e-01 5.326423421502113342e-02
0.000000000000000000e+00 0.000000000000000000e+00 5.000000000000000000e+05 1.475000000000000000e+01 9.963263869285583496e-01 5.326423421502113342e-02
0.000000000000000000e+00 0.000000000000000000e+00 5.000000000000000000e+05 1.475000000000000000e+01 9.963263869285583496e-01 5.326423421502113342e-02
