1.000000000000000000e+00 1.899999999999999996e-03 2.000000000000000000e+05 6.000000000000000000e+00 1.110400000000000054e+00 1.685999999999999999e-02
9.499999999999999556e-01 1.890000000000000013e-02 2.000000000000000000e+05 6.000000000000000000e+00 1.110400000000000054e+00 1.685999999999999999e-02
9.000000000000000222e-01 3.459999999999999881e-02 2.000000000000000000e+05 6.000000000000000000e+00 1.110400000000000054e+00 1.685999999999999999e-02
8.000000000000000444e-01 6.219999999999999835e-02 2.000000000000000000e+05 6.000000000000000000e+00 1.110400000000000054e+00 1.685999999999999999e-02
6.999999999999999556e-01 8.550000000000000655e-02 2.000000000000000000e+05 6.000000000000000000e+00 1.110400000000000054e+00 1.685999999999999999e-02
5.999999999999999778e-01 1.044000000000000067e-01 2.000000000000000000e+05 6.000000000000000000e+00 1.110400000000000054e+00 1.685999999999999999e-02
5.000000000000000000e-01 1.184999999999999942e-01 2.000000000000000000e+05 6.000000000000000000e+00 1.110400000000000054e+00 1.685999999999999999e-02
4.000000000000000222e-01 1.270000000000000018e-01 2.000000000000000000e+05 6.000000000000000000e+00 1.110400000000000054e+00 1.685999999999999999e-02
2.999999999999999889e-01 1.275999999999999912e-01 2.000000000000000000e+05 6.000000000000000000e+00 1.110400000000000054e+00 1.685999999999999999e-02
2.500000000000000000e-01 1.239999999999999991e-01 2.000000000000000000e+05 6.000000000000000000e+00 1.110400000000000054e+00 1.685999999999999999e-02
2.000000000000000111e-01 1.171999999999999986e-01 2.000000000000000000e+05 6.000000000000000000e+00 1.110400000000000054e+00 1.685999999999999999e-02
1.499999999999999944e-01 1.066000000000000003e-01 2.000000000000000000e+05 6.000000000000000000e+00 1.110400000000000054e+00 1.685999999999999999e-02
1.000000000000000056e-01 9.110000000000000042e-02 2.000000000000000000e+05 6.000000000000000000e+00 1.110400000000000054e+00 1.685999999999999999e-02
7.499999999999999722e-02 8.060000000000000497e-02 2.000000000000000000e+05 6.000000000000000000e+00 1.110400000000000054e+00 1.685999999999999999e-02
5.000000000000000278e-02 6.750000000000000444e-02 2.000000000000000000e+05 6.000000000000000000e+00 1.110400000000000054e+00 1.685999999999999999e-02
2.500000000000000139e-02 5.000000000000000278e-02 2.000000000000000000e+05 6.000000000000000000e+00 1.110400000000000054e+00 1.685999999999999999e-02
1.250000000000000069e-02 3.760000000000000148e-02 2.000000000000000000e+05 6.000000000000000000e+00 1.110400000000000054e+00 1.685999999999999999e-02
0.000000000000000000e+00 0.000000000000000000e+00 2.000000000000000000e+05 6.000000000000000000e+00 1.110400000000000054e+00 1.685999999999999999e-02
1.250000000000000069e-02 -2.110000000000000070e-02 2.000000000000000000e+05 6.000000000000000000e+00 1.110400000000000054e+00 1.685999999999999999e-02
2.500000000000000139e-02 -2.989999999999999949e-02 2.000000000000000000e+05 6.000000000000000000e+00 1.110400000000000054e+00 1.685999999999999999e-02
5.000000000000000278e-02 -4.059999999999999720e-02 2.000000000000000000e+05 6.000000000000000000e+00 1.110400000000000054e+00 1.685999999999999999e-02
7.499999999999999722e-02 -4.669999999999999846e-02 2.000000000000000000e+05 6.000000000000000000e+00 1.110400000000000054e+00 1.685999999999999999e-02
1.000000000000000056e-01 -5.059999999999999915e-02 2.000000000000000000e+05 6.000000000000000000e+00 1.110400000000000054e+00 1.685999999999999999e-02
1.499999999999999944e-01 -5.489999999999999741e-02 2.000000000000000000e+05 6.000000000000000000e+00 1.110400000000000054e+00 1.685999999999999999e-02
2.000000000000000111e-01 -5.559999999999999665e-02 2.000000000000000000e+05 6.000000000000000000e+00 1.110400000000000054e+00 1.685999999999999999e-02
2.500000000000000000e-01 -5.489999999999999741e-02 2.000000000000000000e+05 6.000000000000000000e+00 1.110400000000000054e+00 1.685999999999999999e-02
2.999999999999999889e-01 -5.260000000000000092e-02 2.000000000000000000e+05 6.000000000000000000e+00 1.110400000000000054e+00 1.685999999999999999e-02
4.000000000000000222e-01 -4.700000000000000011e-02 2.000000000000000000e+05 6.000000000000000000e+00 1.110400000000000054e+00 1.685999999999999999e-02
5.000000000000000000e-01 -4.019999999999999962e-02 2.000000000000000000e+05 6.000000000000000000e+00 1.110400000000000054e+00 1.685999999999999999e-02
5.999999999999999778e-01 -3.239999999999999825e-02 2.000000000000000000e+05 6.000000000000000000e+00 1.110400000000000054e+00 1.685999999999999999e-02
6.999999999999999556e-01 -2.450000000000000094e-02 2.000000000000000000e+05 6.000000000000000000e+00 1.110400000000000054e+00 1.685999999999999999e-02
8.000000000000000444e-01 -1.669999999999999957e-02 2.000000000000000000e+05 6.000000000000000000e+00 1.110400000000000054e+00 1.685999999999999999e-02
9.000000000000000222e-01 -9.299999999999999239e-03 2.000000000000000000e+05 6.000000000000000000e+00 1.110400000000000054e+00 1.685999999999999999e-02
9.499999999999999556e-01 -5.499999999999999681e-03 2.000000000000000000e+05 6.000000000000000000e+00 1.110400000000000054e+00 1.685999999999999999e-02
1.000000000000000000e+00 -1.899999999999999996e-03 2.000000000000000000e+05 6.000000000000000000e+00 1.110400000000000054e+00 1.685999999999999999e-02
