1.000000000000000000e+00 8.400000000000000348e-04 1.000000000000000000e+06 6.000000000000000000e+00 6.671000000000000263e-01 1.018999999999999941e-02
9.499999999999999556e-01 5.369999999999999774e-03 1.000000000000000000e+06 6.000000000000000000e+00 6.671000000000000263e-01 1.018999999999999941e-02
9.000000000000000222e-01 9.650000000000000591e-03 1.000000000000000000e+06 6.000000000000000000e+00 6.671000000000000263e-01 1.018999999999999941e-02
8.000000000000000444e-01 1.748999999999999860e-02 1.000000000000000000e+06 6.000000000000000000e+00 6.671000000000000263e-01 1.018999999999999941e-02
6.999999999999999556e-01 2.443000000000000033e-02 1.000000000000000000e+06 6.000000000000000000e+00 6.671000000000000263e-01 1.018999999999999941e-02
5.999999999999999778e-01 3.042999999999999872e-02 1.000000000000000000e+06 6.000000000000000000e+00 6.671000000000000263e-01 1.018999999999999941e-02
5.000000000000000000e-01 3.529000000000000192e-02 1.000000000000000000e+06 6.000000000000000000e+00 6.671000000000000263e-01 1.018999999999999941e-02
4.000000000000000222e-01 3.869000000000000217e-02 1.000000000000000000e+06 6.000000000000000000e+00 6.671000000000000263e-01 1.018999999999999941e-02
2.999999999999999889e-01 4.000999999999999696e-02 1.000000000000000000e+06 6.000000000000000000e+00 6.671000000000000263e-01 1.018999999999999941e-02
2.500000000000000000e-01 3.960999999999999938e-02 1.000000000000000000e+06 6.000000000000000000e+00 6.671000000000000263e-01 1.018999999999999941e-02
2.000000000000000111e-01 3.824999999999999928e-02 1.000000000000000000e+06 6.000000000000000000e+00 6.671000000000000263e-01 1.018999999999999941e-02
1.499999999999999944e-01 3.563999999999999807e-02 1.000000000000000000e+06 6.000000000000000000e+00 6.671000000000000263e-01 1.018999999999999941e-02
1.000000000000000056e-01 3.121000000000000163e-02 1.000000000000000000e+06 6.000000000000000000e+00 6.671000000000000263e-01 1.018999999999999941e-02
7.499999999999999722e-02 2.800000000000000058e-02 1.000000000000000000e+06 6.000000000000000000e+00 6.671000000000000263e-01 1.018999999999999941e-02
5.000000000000000278e-02 2.368999999999999925e-02 1.000000000000000000e+06 6.000000000000000000e+00 6.671000000000000263e-01 1.018999999999999941e-02
2.500000000000000139e-02 1.743000000000000105e-02 1.000000000000000000e+06 6.000000000000000000e+00 6.671000000000000263e-01 1.018999999999999941e-02
1.250000000000000069e-02 1.263000000000000060e-02 1.000000000000000000e+06 6.000000000000000000e+00 6.671000000000000263e-01 1.018999999999999941e-02
0.000000000000000000e+00 0.000000000000000000e+00 1.000000000000000000e+06 6.000000000000000000e+00 6.671000000000000263e-01 1.018999999999999941e-02
1.250000000000000069e-02 -1.263000000000000060e-02 1.000000000000000000e+06 6.000000000000000000e+00 6.671000000000000263e-01 1.018999999999999941e-02
2.500000000000000139e-02 -1.743000000000000105e-02 1.000000000000000000e+06 6.000000000000000000e+00 6.671000000000000263e-01 1.018999999999999941e-02
5.000000000000000278e-02 -2.368999999999999925e-02 1.000000000000000000e+06 6.000000000000000000e+00 6.671000000000000263e-01 1.018999999999999941e-02
7.499999999999999722e-02 -2.800000000000000058e-02 1.000000000000000000e+06 6.000000000000000000e+00 6.671000000000000263e-01 1.018999999999999941e-02
1.000000000000000056e-01 -3.121000000000000163e-02 1.000000000000000000e+06 6.000000000000000000e+00 6.671000000000000263e-01 1.018999999999999941e-02
1.499999999999999944e-01 -3.563999999999999807e-02 1.000000000000000000e+06 6.000000000000000000e+00 6.671000000000000263e-01 1.018999999999999941e-02
2.000000000000000111e-01 -3.824999999999999928e-02 1.000000000000000000e+06 6.000000000000000000e+00 6.671000000000000263e-01 1.018999999999999941e-02
2.500000000000000000e-01 -3.960999999999999938e-02 1.000000000000000000e+06 6.000000000000000000e+00 6.671000000000000263e-01 1.018999999999999941e-02
2.999999999999999889e-01 -4.000999999999999696e-02 1.000000000000000000e+06 6.000000000000000000e+00 6.671000000000000263e-01 1.018999999999999941e-02
4.000000000000000222e-01 -3.869000000000000217e-02 1.000000000000000000e+06 6.000000000000000000e+00 6.671000000000000263e-01 1.018999999999999941e-02
5.000000000000000000e-01 -3.529000000000000192e-02 1.000000000000000000e+06 6.000000000000000000e+00 6.671000000000000263e-01 1.018999999999999941e-02
5.999999999999999778e-01 -3.042999999999999872e-02 1.000000000000000000e+06 6.000000000000000000e+00 6.671000000000000263e-01 1.018999999999999941e-02
6.999999999999999556e-01 -2.443000000000000033e-02 1.000000000000000000e+06 6.000000000000000000e+00 6.671000000000000263e-01 1.018999999999999941e-02
8.000000000000000444e-01 -1.748999999999999860e-02 1.000000000000000000e+06 6.000000000000000000e+00 6.671000000000000263e-01 1.018999999999999941e-02
9.000000000000000222e-01 -9.650000000000000591e-03 1.000000000000000000e+06 6.000000000000000000e+00 6.671000000000000263e-01 1.018999999999999941e-02
9.499999999999999556e-01 -5.369999999999999774e-03 1.000000000000000000e+06 6.000000000000000000e+00 6.671000000000000263e-01 1.018999999999999941e-02
1.000000000000000000e+00 -8.400000000000000348e-04 1.000000000000000000e+06 6.000000000000000000e+00 6.671000000000000263e-01 1.018999999999999941e-02
