1.000000000000000000e+00 1.260000000000000052e-03 2.000000000000000000e+05 6.000000000000000000e+00 7.850000000000000311e-01 1.387000000000000038e-02
9.502500000000000391e-01 9.660000000000000184e-03 2.000000000000000000e+05 6.000000000000000000e+00 7.850000000000000311e-01 1.387000000000000038e-02
9.003999999999999782e-01 1.753000000000000044e-02 2.000000000000000000e+05 6.000000000000000000e+00 7.850000000000000311e-01 1.387000000000000038e-02
8.005799999999999583e-01 3.178000000000000269e-02 2.000000000000000000e+05 6.000000000000000000e+00 7.850000000000000311e-01 1.387000000000000038e-02
7.006099999999999550e-01 4.413000000000000256e-02 2.000000000000000000e+05 6.000000000000000000e+00 7.850000000000000311e-01 1.387000000000000038e-02
6.005099999999999882e-01 5.453000000000000208e-02 2.000000000000000000e+05 6.000000000000000000e+00 7.850000000000000311e-01 1.387000000000000038e-02
5.002900000000000125e-01 6.267000000000000348e-02 2.000000000000000000e+05 6.000000000000000000e+00 7.850000000000000311e-01 1.387000000000000038e-02
4.000000000000000222e-01 6.802999999999999325e-02 2.000000000000000000e+05 6.000000000000000000e+00 7.850000000000000311e-01 1.387000000000000038e-02
2.992500000000000160e-01 6.940000000000000335e-02 2.000000000000000000e+05 6.000000000000000000e+00 7.850000000000000311e-01 1.387000000000000038e-02
2.488900000000000001e-01 6.798999999999999488e-02 2.000000000000000000e+05 6.000000000000000000e+00 7.850000000000000311e-01 1.387000000000000038e-02
1.985699999999999965e-01 6.486000000000000099e-02 2.000000000000000000e+05 6.000000000000000000e+00 7.850000000000000311e-01 1.387000000000000038e-02
1.483299999999999896e-01 5.951000000000000040e-02 2.000000000000000000e+05 6.000000000000000000e+00 7.850000000000000311e-01 1.387000000000000038e-02
9.823999999999999400e-02 5.118000000000000327e-02 2.000000000000000000e+05 6.000000000000000000e+00 7.850000000000000311e-01 1.387000000000000038e-02
7.330000000000000404e-02 4.537000000000000061e-02 2.000000000000000000e+05 6.000000000000000000e+00 7.850000000000000311e-01 1.387000000000000038e-02
4.845000000000000001e-02 3.785999999999999782e-02 2.000000000000000000e+05 6.000000000000000000e+00 7.850000000000000311e-01 1.387000000000000038e-02
2.377999999999999906e-02 2.733000000000000013e-02 2.000000000000000000e+05 6.000000000000000000e+00 7.850000000000000311e-01 1.387000000000000038e-02
1.158000000000000002e-02 1.953999999999999834e-02 2.000000000000000000e+05 6.000000000000000000e+00 7.850000000000000311e-01 1.387000000000000038e-02
0.000000000000000000e+00 0.000000000000000000e+00 2.000000000000000000e+05 6.000000000000000000e+00 7.850000000000000311e-01 1.387000000000000038e-02
1.341999999999999964e-02 -1.830000000000000029e-02 2.000000000000000000e+05 6.000000000000000000e+00 7.850000000000000311e-01 1.387000000000000038e-02
2.622000000000000025e-02 -2.491000000000000159e-02 2.000000000000000000e+05 6.000000000000000000e+00 7.850000000000000311e-01 1.387000000000000038e-02
5.154999999999999860e-02 -3.318000000000000116e-02 2.000000000000000000e+05 6.000000000000000000e+00 7.850000000000000311e-01 1.387000000000000038e-02
7.670000000000000429e-02 -3.857000000000000012e-02 2.000000000000000000e+05 6.000000000000000000e+00 7.850000000000000311e-01 1.387000000000000038e-02
1.017600000000000032e-01 -4.241999999999999937e-02 2.000000000000000000e+05 6.000000000000000000e+00 7.850000000000000311e-01 1.387000000000000038e-02
1.516699999999999993e-01 -4.732999999999999707e-02 2.000000000000000000e+05 6.000000000000000000e+00 7.850000000000000311e-01 1.387000000000000038e-02
2.014299999999999979e-01 -4.986000000000000154e-02 2.000000000000000000e+05 6.000000000000000000e+00 7.850000000000000311e-01 1.387000000000000038e-02
2.511099999999999999e-01 -5.081000000000000100e-02 2.000000000000000000e+05 6.000000000000000000e+00 7.850000000000000311e-01 1.387000000000000038e-02
3.007500000000000173e-01 -5.063999999999999752e-02 2.000000000000000000e+05 6.000000000000000000e+00 7.850000000000000311e-01 1.387000000000000038e-02
4.000000000000000222e-01 -4.803000000000000325e-02 2.000000000000000000e+05 6.000000000000000000e+00 7.850000000000000311e-01 1.387000000000000038e-02
4.997099999999999875e-01 -4.320999999999999841e-02 2.000000000000000000e+05 6.000000000000000000e+00 7.850000000000000311e-01 1.387000000000000038e-02
5.994899999999999674e-01 -3.674999999999999795e-02 2.000000000000000000e+05 6.000000000000000000e+00 7.850000000000000311e-01 1.387000000000000038e-02
6.993899999999999562e-01 -2.912999999999999964e-02 2.000000000000000000e+05 6.000000000000000000e+00 7.850000000000000311e-01 1.387000000000000038e-02
7.994200000000000195e-01 -2.066000000000000128e-02 2.000000000000000000e+05 6.000000000000000000e+00 7.850000000000000311e-01 1.387000000000000038e-02
8.995999999999999552e-01 -1.141000000000000000e-02 2.000000000000000000e+05 6.000000000000000000e+00 7.850000000000000311e-01 1.387000000000000038e-02
9.497499999999999831e-01 -6.459999999999999597e-03 2.000000000000000000e+05 6.000000000000000000e+00 7.850000000000000311e-01 1.387000000000000038e-02
1.000000000000000000e+00 -1.260000000000000052e-03 2.000000000000000000e+05 6.000000000000000000e+00 7.850000000000000311e-01 1.387000000000000038e-02
