1.000000000000000000e+00 2.200000000000000133e-03 2.000000000000000000e+05 1.200000000000000000e+01 1.223200000000000065e+00 2.937000000000000027e-02
9.499999999999999556e-01 1.760000000000000106e-02 2.000000000000000000e+05 1.200000000000000000e+01 1.223200000000000065e+00 2.937000000000000027e-02
9.000000000000000222e-01 3.180000000000000188e-02 2.000000000000000000e+05 1.200000000000000000e+01 1.223200000000000065e+00 2.937000000000000027e-02
8.000000000000000444e-01 5.739999999999999963e-02 2.000000000000000000e+05 1.200000000000000000e+01 1.223200000000000065e+00 2.937000000000000027e-02
6.999999999999999556e-01 7.939999999999999836e-02 2.000000000000000000e+05 1.200000000000000000e+01 1.223200000000000065e+00 2.937000000000000027e-02
5.999999999999999778e-01 9.790000000000000091e-02 2.000000000000000000e+05 1.200000000000000000e+01 1.223200000000000065e+00 2.937000000000000027e-02
5.000000000000000000e-01 1.121999999999999942e-01 2.000000000000000000e+05 1.200000000000000000e+01 1.223200000000000065e+00 2.937000000000000027e-02
4.000000000000000222e-01 1.215999999999999998e-01 2.000000000000000000e+05 1.200000000000000000e+01 1.223200000000000065e+00 2.937000000000000027e-02
2.999999999999999889e-01 1.237999999999999934e-01 2.000000000000000000e+05 1.200000000000000000e+01 1.223200000000000065e+00 2.937000000000000027e-02
2.500000000000000000e-01 1.214999999999999969e-01 2.000000000000000000e+05 1.200000000000000000e+01 1.223200000000000065e+00 2.937000000000000027e-02
2.000000000000000111e-01 1.159000000000000030e-01 2.000000000000000000e+05 1.200000000000000000e+01 1.223200000000000065e+00 2.937000000000000027e-02
1.499999999999999944e-01 1.069999999999999979e-01 2.000000000000000000e+05 1.200000000000000000e+01 1.223200000000000065e+00 2.937000000000000027e-02
1.000000000000000056e-01 9.279999999999999361e-02 2.000000000000000000e+05 1.200000000000000000e+01 1.223200000000000065e+00 2.937000000000000027e-02
7.499999999999999722e-02 8.290000000000000147e-02 2.000000000000000000e+05 1.200000000000000000e+01 1.223200000000000065e+00 2.937000000000000027e-02
5.000000000000000278e-02 7.000000000000000666e-02 2.000000000000000000e+05 1.200000000000000000e+01 1.223200000000000065e+00 2.937000000000000027e-02
2.500000000000000139e-02 5.210000000000000048e-02 2.000000000000000000e+05 1.200000000000000000e+01 1.223200000000000065e+00 2.937000000000000027e-02
1.250000000000000069e-02 3.869999999999999829e-02 2.000000000000000000e+05 1.200000000000000000e+01 1.223200000000000065e+00 2.937000000000000027e-02
0.000000000000000000e+00 0.000000000000000000e+00 2.000000000000000000e+05 1.200000000000000000e+01 1.223200000000000065e+00 2.937000000000000027e-02
1.250000000000000069e-02 -2.819999999999999937e-02 2.000000000000000000e+05 1.200000000000000000e+01 1.223200000000000065e+00 2.937000000000000027e-02
2.500000000000000139e-02 -4.019999999999999962e-02 2.000000000000000000e+05 1.200000000000000000e+01 1.223200000000000065e+00 2.937000000000000027e-02
5.000000000000000278e-02 -5.510000000000000314e-02 2.000000000000000000e+05 1.200000000000000000e+01 1.223200000000000065e+00 2.937000000000000027e-02
7.499999999999999722e-02 -6.479999999999999649e-02 2.000000000000000000e+05 1.200000000000000000e+01 1.223200000000000065e+00 2.937000000000000027e-02
1.000000000000000056e-01 -7.180000000000000271e-02 2.000000000000000000e+05 1.200000000000000000e+01 1.223200000000000065e+00 2.937000000000000027e-02
1.499999999999999944e-01 -8.050000000000000211e-02 2.000000000000000000e+05 1.200000000000000000e+01 1.223200000000000065e+00 2.937000000000000027e-02
2.000000000000000111e-01 -8.519999999999999796e-02 2.000000000000000000e+05 1.200000000000000000e+01 1.223200000000000065e+00 2.937000000000000027e-02
2.500000000000000000e-01 -8.669999999999999929e-02 2.000000000000000000e+05 1.200000000000000000e+01 1.223200000000000065e+00 2.937000000000000027e-02
2.999999999999999889e-01 -8.619999999999999885e-02 2.000000000000000000e+05 1.200000000000000000e+01 1.223200000000000065e+00 2.937000000000000027e-02
4.000000000000000222e-01 -8.160000000000000586e-02 2.000000000000000000e+05 1.200000000000000000e+01 1.223200000000000065e+00 2.937000000000000027e-02
5.000000000000000000e-01 -7.309999999999999831e-02 2.000000000000000000e+05 1.200000000000000000e+01 1.223200000000000065e+00 2.937000000000000027e-02
5.999999999999999778e-01 -6.169999999999999790e-02 2.000000000000000000e+05 1.200000000000000000e+01 1.223200000000000065e+00 2.937000000000000027e-02
6.999999999999999556e-01 -4.870000000000000023e-02 2.000000000000000000e+05 1.200000000000000000e+01 1.223200000000000065e+00 2.937000000000000027e-02
8.000000000000000444e-01 -3.440000000000000002e-02 2.000000000000000000e+05 1.200000000000000000e+01 1.223200000000000065e+00 2.937000000000000027e-02
9.000000000000000222e-01 -1.880000000000000074e-02 2.000000000000000000e+05 1.200000000000000000e+01 1.223200000000000065e+00 2.937000000000000027e-02
9.499999999999999556e-01 -1.060000000000000005e-02 2.000000000000000000e+05 1.200000000000000000e+01 1.223200000000000065e+00 2.937000000000000027e-02
1.000000000000000000e+00 -2.200000000000000133e-03 2.000000000000000000e+05 1.200000000000000000e+01 1.223200000000000065e+00 2.937000000000000027e-02
