1.000249981880187988e+00 1.240000012330710888e-03 1.000000000000000000e+05 1.750000000000000000e+01 1.467996597290039062e+00 1.181469783186912537e-01
9.975799918174743652e-01 2.159999916329979897e-03 1.000000000000000000e+05 1.750000000000000000e+01 1.467996597290039062e+00 1.181469783186912537e-01
9.896100163459777832e-01 4.900000058114528656e-03 1.000000000000000000e+05 1.750000000000000000e+01 1.467996597290039062e+00 1.181469783186912537e-01
9.764000177383422852e-01 9.349999949336051941e-03 1.000000000000000000e+05 1.750000000000000000e+01 1.467996597290039062e+00 1.181469783186912537e-01
9.580799937248229980e-01 1.537999976426362991e-02 1.000000000000000000e+05 1.750000000000000000e+01 1.467996597290039062e+00 1.181469783186912537e-01
9.348099827766418457e-01 2.277999930083751678e-02 1.000000000000000000e+05 1.750000000000000000e+01 1.467996597290039062e+00 1.181469783186912537e-01
9.068199992179870605e-01 3.130000084638595581e-02 1.000000000000000000e+05 1.750000000000000000e+01 1.467996597290039062e+00 1.181469783186912537e-01
8.743600249290466309e-01 4.067999869585037231e-02 1.000000000000000000e+05 1.750000000000000000e+01 1.467996597290039062e+00 1.181469783186912537e-01
8.377699851989746094e-01 5.062000080943107605e-02 1.000000000000000000e+05 1.750000000000000000e+01 1.467996597290039062e+00 1.181469783186912537e-01
7.973999977111816406e-01 6.081999838352203369e-02 1.000000000000000000e+05 1.750000000000000000e+01 1.467996597290039062e+00 1.181469783186912537e-01
7.536600232124328613e-01 7.096999883651733398e-02 1.000000000000000000e+05 1.750000000000000000e+01 1.467996597290039062e+00 1.181469783186912537e-01
7.070199847221374512e-01 8.078999817371368408e-02 1.000000000000000000e+05 1.750000000000000000e+01 1.467996597290039062e+00 1.181469783186912537e-01
6.579700112342834473e-01 8.997999876737594604e-02 1.000000000000000000e+05 1.750000000000000000e+01 1.467996597290039062e+00 1.181469783186912537e-01
6.070299744606018066e-01 9.826999902725219727e-02 1.000000000000000000e+05 1.750000000000000000e+01 1.467996597290039062e+00 1.181469783186912537e-01
5.547699928283691406e-01 1.054299995303153992e-01 1.000000000000000000e+05 1.750000000000000000e+01 1.467996597290039062e+00 1.181469783186912537e-01
5.017600059509277344e-01 1.112399995326995850e-01 1.000000000000000000e+05 1.750000000000000000e+01 1.467996597290039062e+00 1.181469783186912537e-01
4.486300051212310791e-01 1.155399978160858154e-01 1.000000000000000000e+05 1.750000000000000000e+01 1.467996597290039062e+00 1.181469783186912537e-01
3.958700001239776611e-01 1.181700006127357483e-01 1.000000000000000000e+05 1.750000000000000000e+01 1.467996597290039062e+00 1.181469783186912537e-01
3.430599868297576904e-01 1.184099987149238586e-01 1.000000000000000000e+05 1.750000000000000000e+01 1.467996597290039062e+00 1.181469783186912537e-01
2.919900119304656982e-01 1.158299967646598816e-01 1.000000000000000000e+05 1.750000000000000000e+01 1.467996597290039062e+00 1.181469783186912537e-01
2.433599978685379028e-01 1.106000021100044250e-01 1.000000000000000000e+05 1.750000000000000000e+01 1.467996597290039062e+00 1.181469783186912537e-01
1.977999955415725708e-01 1.030199974775314331e-01 1.000000000000000000e+05 1.750000000000000000e+01 1.467996597290039062e+00 1.181469783186912537e-01
1.559199988842010498e-01 9.344000369310379028e-02 1.000000000000000000e+05 1.750000000000000000e+01 1.467996597290039062e+00 1.181469783186912537e-01
1.182499974966049194e-01 8.230999857187271118e-02 1.000000000000000000e+05 1.750000000000000000e+01 1.467996597290039062e+00 1.181469783186912537e-01
8.523999899625778198e-02 7.011999934911727905e-02 1.000000000000000000e+05 1.750000000000000000e+01 1.467996597290039062e+00 1.181469783186912537e-01
5.725999921560287476e-02 5.736000090837478638e-02 1.000000000000000000e+05 1.750000000000000000e+01 1.467996597290039062e+00 1.181469783186912537e-01
3.460000082850456238e-02 4.452000185847282410e-02 1.000000000000000000e+05 1.750000000000000000e+01 1.467996597290039062e+00 1.181469783186912537e-01
1.744999922811985016e-02 3.203999996185302734e-02 1.000000000000000000e+05 1.750000000000000000e+01 1.467996597290039062e+00 1.181469783186912537e-01
5.950000137090682983e-03 2.029000036418437958e-02 1.000000000000000000e+05 1.750000000000000000e+01 1.467996597290039062e+00 1.181469783186912537e-01
1.400000037392601371e-04 9.549999609589576721e-03 1.000000000000000000e+05 1.750000000000000000e+01 1.467996597290039062e+00 1.181469783186912537e-01
0.000000000000000000e+00 0.000000000000000000e+00 1.000000000000000000e+05 1.750000000000000000e+01 1.467996597290039062e+00 1.181469783186912537e-01
5.340000148862600327e-03 -7.919999770820140839e-03 1.000000000000000000e+05 1.750000000000000000e+01 1.467996597290039062e+00 1.181469783186912537e-01
1.590000092983245850e-02 -1.382999960333108902e-02 1.000000000000000000e+05 1.750000000000000000e+01 1.467996597290039062e+00 1.181469783186912537e-01
3.149000182747840881e-02 -1.781000010669231415e-02 1.000000000000000000e+05 1.750000000000000000e+01 1.467996597290039062e+00 1.181469783186912537e-01
5.186000093817710876e-02 -1.999000087380409241e-02 1.000000000000000000e+05 1.750000000000000000e+01 1.467996597290039062e+00 1.181469783186912537e-01
7.671999931335449219e-02 -2.054000087082386017e-02 1.000000000000000000e+05 1.750000000000000000e+01 1.467996597290039062e+00 1.181469783186912537e-01
1.057400032877922058e-01 -1.967000029981136322e-02 1.000000000000000000e+05 1.750000000000000000e+01 1.467996597290039062e+00 1.181469783186912537e-01
1.386100053787231445e-01 -1.762999966740608215e-02 1.000000000000000000e+05 1.750000000000000000e+01 1.467996597290039062e+00 1.181469783186912537e-01
1.749500036239624023e-01 -1.470000017434358597e-02 1.000000000000000000e+05 1.750000000000000000e+01 1.467996597290039062e+00 1.181469783186912537e-01
2.144100069999694824e-01 -1.121000014245510101e-02 1.000000000000000000e+05 1.750000000000000000e+01 1.467996597290039062e+00 1.181469783186912537e-01
2.566399872303009033e-01 -7.480000145733356476e-03 1.000000000000000000e+05 1.750000000000000000e+01 1.467996597290039062e+00 1.181469783186912537e-01
3.012700080871582031e-01 -3.839999902993440628e-03 1.000000000000000000e+05 1.750000000000000000e+01 1.467996597290039062e+00 1.181469783186912537e-01
3.479200005531311035e-01 -6.399999838322401047e-04 1.000000000000000000e+05 1.750000000000000000e+01 1.467996597290039062e+00 1.181469783186912537e-01
3.962199985980987549e-01 1.820000004954636097e-03 1.000000000000000000e+05 1.750000000000000000e+01 1.467996597290039062e+00 1.181469783186912537e-01
4.468500018119812012e-01 3.700000001117587090e-03 1.000000000000000000e+05 1.750000000000000000e+01 1.467996597290039062e+00 1.181469783186912537e-01
4.982399940490722656e-01 5.419999826699495316e-03 1.000000000000000000e+05 1.750000000000000000e+01 1.467996597290039062e+00 1.181469783186912537e-01
5.497599840164184570e-01 6.839999929070472717e-03 1.000000000000000000e+05 1.750000000000000000e+01 1.467996597290039062e+00 1.181469783186912537e-01
6.008800268173217773e-01 7.860000245273113251e-03 1.000000000000000000e+05 1.750000000000000000e+01 1.467996597290039062e+00 1.181469783186912537e-01
6.510499715805053711e-01 8.430000394582748413e-03 1.000000000000000000e+05 1.750000000000000000e+01 1.467996597290039062e+00 1.181469783186912537e-01
6.997200250625610352e-01 8.530000224709510803e-03 1.000000000000000000e+05 1.750000000000000000e+01 1.467996597290039062e+00 1.181469783186912537e-01
7.463399767875671387e-01 8.190000429749488831e-03 1.000000000000000000e+05 1.750000000000000000e+01 1.467996597290039062e+00 1.181469783186912537e-01
7.903900146484375000e-01 7.470000069588422775e-03 1.000000000000000000e+05 1.750000000000000000e+01 1.467996597290039062e+00 1.181469783186912537e-01
8.313699960708618164e-01 6.430000066757202148e-03 1.000000000000000000e+05 1.750000000000000000e+01 1.467996597290039062e+00 1.181469783186912537e-01
8.687800168991088867e-01 5.200000014156103134e-03 1.000000000000000000e+05 1.750000000000000000e+01 1.467996597290039062e+00 1.181469783186912537e-01
9.021999835968017578e-01 3.860000055283308029e-03 1.000000000000000000e+05 1.750000000000000000e+01 1.467996597290039062e+00 1.181469783186912537e-01
9.312099814414978027e-01 2.520000096410512924e-03 1.000000000000000000e+05 1.750000000000000000e+01 1.467996597290039062e+00 1.181469783186912537e-01
9.554600119590759277e-01 1.290000043809413910e-03 1.000000000000000000e+05 1.750000000000000000e+01 1.467996597290039062e+00 1.181469783186912537e-01
9.746500253677368164e-01 2.399999939370900393e-04 1.000000000000000000e+05 1.750000000000000000e+01 1.467996597290039062e+00 1.181469783186912537e-01
9.885399937629699707e-01 -5.699999746866524220e-04 1.000000000000000000e+05 1.750000000000000000e+01 1.467996597290039062e+00 1.181469783186912537e-01
9.969400167465209961e-01 -1.069999998435378075e-03 1.000000000000000000e+05 1.750000000000000000e+01 1.467996597290039062e+00 1.181469783186912537e-01
9.997500181198120117e-01 -1.240000012330710888e-03 1.000000000000000000e+05 1.750000000000000000e+01 1.467996597290039062e+00 1.181469783186912537e-01
1.000000000000000000e+00 0.000000000000000000e+00 1.000000000000000000e+05 1.750000000000000000e+01 1.467996597290039062e+00 1.181469783186912537e-01
0.000000000000000000e+00 0.000000000000000000e+00 1.000000000000000000e+05 1.750000000000000000e+01 1.467996597290039062e+00 1.181469783186912537e-01
0.000000000000000000e+00 0.000000000000000000e+00 1.000000000000000000e+05 1.750000000000000000e+01 1.467996597290039062e+00 1.181469783186912537e-01
0.000000000000000000e+00 0.000000000000000000e+00 1.000000000000000000e+05 1.750000000000000000e+01 1.467996597290039062e+00 1.181469783186912537e-01
0.000000000000000000e+00 0.000000000000000000e+00 1.000000000000000000e+05 1.750000000000000000e+01 1.467996597290039062e+00 1.181469783186912537e-01
0.000000000000000000e+00 0.000000000000000000e+00 1.000000000000000000e+05 1.750000000000000000e+01 1.467996597290039062e+00 1.181469783186912537e-01
0.000000000000000000e+00 0.000000000000000000e+00 1.000000000000000000e+05 1.750000000000000000e+01 1.467996597290039062e+00 1.181469783186912537e-01
0.000000000000000000e+00 0.000000000000000000e+00 1.000000000000000000e+05 1.750000000000000000e+01 1.467996597290039062e+00 1.181469783186912537e-01
