1.000000000000000000e+00 2.199999988079071045e-03 2.000000000000000000e+05 3.750000000000000000e+00 5.845395922660827637e-01 3.488447517156600952e-03
9.499999880790710449e-01 1.530000008642673492e-02 2.000000000000000000e+05 3.750000000000000000e+00 5.845395922660827637e-01 3.488447517156600952e-03
8.999999761581420898e-01 2.759999968111515045e-02 2.000000000000000000e+05 3.750000000000000000e+00 5.845395922660827637e-01 3.488447517156600952e-03
8.000000119209289551e-01 5.050000175833702087e-02 2.000000000000000000e+05 3.750000000000000000e+00 5.845395922660827637e-01 3.488447517156600952e-03
6.999999880790710449e-01 7.090000063180923462e-02 2.000000000000000000e+05 3.750000000000000000e+00 5.845395922660827637e-01 3.488447517156600952e-03
6.000000238418579102e-01 8.900000154972076416e-02 2.000000000000000000e+05 3.750000000000000000e+00 5.845395922660827637e-01 3.488447517156600952e-03
5.000000000000000000e-01 1.040000021457672119e-01 2.000000000000000000e+05 3.750000000000000000e+00 5.845395922660827637e-01 3.488447517156600952e-03
4.000000059604644775e-01 1.149000003933906555e-01 2.000000000000000000e+05 3.750000000000000000e+00 5.845395922660827637e-01 3.488447517156600952e-03
3.000000119209289551e-01 1.206000000238418579e-01 2.000000000000000000e+05 3.750000000000000000e+00 5.845395922660827637e-01 3.488447517156600952e-03
2.500000000000000000e-01 1.204999983310699463e-01 2.000000000000000000e+05 3.750000000000000000e+00 5.845395922660827637e-01 3.488447517156600952e-03
2.000000029802322388e-01 1.180000007152557373e-01 2.000000000000000000e+05 3.750000000000000000e+00 5.845395922660827637e-01 3.488447517156600952e-03
1.500000059604644775e-01 1.119000017642974854e-01 2.000000000000000000e+05 3.750000000000000000e+00 5.845395922660827637e-01 3.488447517156600952e-03
1.000000014901161194e-01 1.002999991178512573e-01 2.000000000000000000e+05 3.750000000000000000e+00 5.845395922660827637e-01 3.488447517156600952e-03
7.500000298023223877e-02 9.130000323057174683e-02 2.000000000000000000e+05 3.750000000000000000e+00 5.845395922660827637e-01 3.488447517156600952e-03
5.000000074505805969e-02 7.930000126361846924e-02 2.000000000000000000e+05 3.750000000000000000e+00 5.845395922660827637e-01 3.488447517156600952e-03
2.500000037252902985e-02 6.409999728202819824e-02 2.000000000000000000e+05 3.750000000000000000e+00 5.845395922660827637e-01 3.488447517156600952e-03
1.250000018626451492e-02 4.870000109076499939e-02 2.000000000000000000e+05 3.750000000000000000e+00 5.845395922660827637e-01 3.488447517156600952e-03
0.000000000000000000e+00 0.000000000000000000e+00 2.000000000000000000e+05 3.750000000000000000e+00 5.845395922660827637e-01 3.488447517156600952e-03
1.250000018626451492e-02 -2.080000005662441254e-02 2.000000000000000000e+05 3.750000000000000000e+00 5.845395922660827637e-01 3.488447517156600952e-03
2.500000037252902985e-02 -3.139999881386756897e-02 2.000000000000000000e+05 3.750000000000000000e+00 5.845395922660827637e-01 3.488447517156600952e-03
5.000000074505805969e-02 -4.520000144839286804e-02 2.000000000000000000e+05 3.750000000000000000e+00 5.845395922660827637e-01 3.488447517156600952e-03
7.500000298023223877e-02 -5.550000071525573730e-02 2.000000000000000000e+05 3.750000000000000000e+00 5.845395922660827637e-01 3.488447517156600952e-03
1.000000014901161194e-01 -6.319999694824218750e-02 2.000000000000000000e+05 3.750000000000000000e+00 5.845395922660827637e-01 3.488447517156600952e-03
1.500000059604644775e-01 -7.509999722242355347e-02 2.000000000000000000e+05 3.750000000000000000e+00 5.845395922660827637e-01 3.488447517156600952e-03
2.000000029802322388e-01 -8.299999684095382690e-02 2.000000000000000000e+05 3.750000000000000000e+00 5.845395922660827637e-01 3.488447517156600952e-03
2.500000000000000000e-01 -8.760000020265579224e-02 2.000000000000000000e+05 3.750000000000000000e+00 5.845395922660827637e-01 3.488447517156600952e-03
3.000000119209289551e-01 -8.950000256299972534e-02 2.000000000000000000e+05 3.750000000000000000e+00 5.845395922660827637e-01 3.488447517156600952e-03
4.000000059604644775e-01 -8.829999715089797974e-02 2.000000000000000000e+05 3.750000000000000000e+00 5.845395922660827637e-01 3.488447517156600952e-03
5.000000000000000000e-01 -8.139999955892562866e-02 2.000000000000000000e+05 3.750000000000000000e+00 5.845395922660827637e-01 3.488447517156600952e-03
6.000000238418579102e-01 -7.069999724626541138e-02 2.000000000000000000e+05 3.750000000000000000e+00 5.845395922660827637e-01 3.488447517156600952e-03
6.999999880790710449e-01 -5.719999969005584717e-02 2.000000000000000000e+05 3.750000000000000000e+00 5.845395922660827637e-01 3.488447517156600952e-03
8.000000119209289551e-01 -4.129999876022338867e-02 2.000000000000000000e+05 3.750000000000000000e+00 5.845395922660827637e-01 3.488447517156600952e-03
8.999999761581420898e-01 -2.300000004470348358e-02 2.000000000000000000e+05 3.750000000000000000e+00 5.845395922660827637e-01 3.488447517156600952e-03
9.499999880790710449e-01 -1.300000026822090149e-02 2.000000000000000000e+05 3.750000000000000000e+00 5.845395922660827637e-01 3.488447517156600952e-03
1.000000000000000000e+00 -2.199999988079071045e-03 2.000000000000000000e+05 3.750000000000000000e+00 5.845395922660827637e-01 3.488447517156600952e-03
0.000000000000000000e+00 0.000000000000000000e+00 2.000000000000000000e+05 3.750000000000000000e+00 5.845395922660827637e-01 3.488447517156600952e-03
0.000000000000000000e+00 0.000000000000000000e+00 2.000000000000000000e+05 3.750000000000000000e+00 5.845395922660827637e-01 3.488447517156600952e-03
0.000000000000000000e+00 0.000000000000000000e+00 2.000000000000000000e+05 3.750000000000000000e+00 5.845395922660827637e-01 3.488447517156600952e-03
0.000000000000000000e+00 0.000000000000000000e+00 2.000000000000000000e+05 3.750000000000000000e+00 5.845395922660827637e-01 3.488447517156600952e-03
0.000000000000000000e+00 0.000000000000000000e+00 2.000000000000000000e+05 3.750000000000000000e+00 5.845395922660827637e-01 3.488447517156600952e-03
0.000000000000000000e+00 0.000000000000000000e+00 2.000000000000000000e+05 3.750000000000000000e+00 5.845395922660827637e-01 3.488447517156600952e-03
0.000000000000000000e+00 0.000000000000000000e+00 2.000000000000000000e+05 3.750000000000000000e+00 5.845395922660827637e-01 3.488447517156600952e-03
0.000000000000000000e+00 0.000000000000000000e+00 2.000000000000000000e+05 3.750000000000000000e+00 5.845395922660827637e-01 3.488447517156600952e-03
0.000000000000000000e+00 0.000000000000000000e+00 2.000000000000000000e+05 3.750000000000000000e+00 5.845395922660827637e-01 3.488447517156600952e-03
0.000000000000000000e+00 0.000000000000000000e+00 2.000000000000000000e+05 3.750000000000000000e+00 5.845395922660827637e-01 3.488447517156600952e-03
0.000000000000000000e+00 0.000000000000000000e+00 2.000000000000000000e+05 3.750000000000000000e+00 5.845395922660827637e-01 3.488447517156600952e-03
0.000000000000000000e+00 0.000000000000000000e+00 2.000000000000000000e+05 3.750000000000000000e+00 5.845395922660827637e-01 3.488447517156600952e-03
0.000000000000000000e+00 0.000000000000000000e+00 2.000000000000000000e+05 3.750000000000000000e+00 5.845395922660827637e-01 3.488447517156600952e-03
0.000000000000000000e+00 0.000000000000000000e+00 2.000000000000000000e+05 3.750000000000000000e+00 5.845395922660827637e-01 3.488447517156600952e-03
0.000000000000000000e+00 0.000000000000000000e+00 2.000000000000000000e+05 3.750000000000000000e+00 5.845395922660827637e-01 3.488447517156600952e-03
0.000000000000000000e+00 0.000000000000000000e+00 2.000000000000000000e+05 3.750000000000000000e+00 5.845395922660827637e-01 3.488447517156600952e-03
0.000000000000000000e+00 0.000000000000000000e+00 2.000000000000000000e+05 3.750000000000000000e+00 5.845395922660827637e-01 3.488447517156600952e-03
0.000000000000000000e+00 0.000000000000000000e+00 2.000000000000000000e+05 3.750000000000000000e+00 5.845395922660827637e-01 3.488447517156600952e-03
0.000000000000000000e+00 0.000000000000000000e+00 2.000000000000000000e+05 3.750000000000000000e+00 5.845395922660827637e-01 3.488447517156600952e-03
0.000000000000000000e+00 0.000000000000000000e+00 2.000000000000000000e+05 3.750000000000000000e+00 5.845395922660827637e-01 3.488447517156600952e-03
0.000000000000000000e+00 0.000000000000000000e+00 2.000000000000000000e+05 3.750000000000000000e+00 5.845395922660827637e-01 3.488447517156600952e-03
0.000000000000000000e+00 0.000000000000000000e+00 2.000000000000000000e+05 3.750000000000000000e+00 5.845395922660827637e-01 3.488447517156600952e-03
0.000000000000000000e+00 0.000000000000000000e+00 2.000000000000000000e+05 3.750000000000000000e+00 5.845395922660827637e-01 3.488447517156600952e-03
0.000000000000000000e+00 0.000000000000000000e+00 2.000000000000000000e+05 3.750000000000000000e+00 5.845395922660827637e-01 3.488447517156600952e-03
0.000000000000000000e+00 0.000000000000000000e+00 2.000000000000000000e+05 3.750000000000000000e+00 5.845395922660827637e-01 3.488447517156600952e-03
0.000000000000000000e+00 0.000000000000000000e+00 2.000000000000000000e+05 3.750000000000000000e+00 5.845395922660827637e-01 3.488447517156600952e-03
0.000000000000000000e+00 0.000000000000000000e+00 2.000000000000000000e+05 3.750000000000000000e+00 5.845395922660827637e-01 3.488447517156600952e-03
0.000000000000000000e+00 0.000000000000000000e+00 2.000000000000000000e+05 3.750000000000000000e+00 5.845395922660827637e-01 3.488447517156600952e-03
0.000000000000000000e+00 0.000000000000000000e+00 2.000000000000000000e+05 3.750000000000000000e+00 5.845395922660827637e-01 3.488447517156600952e-03
0.000000000000000000e+00 0.000000000000000000e+00 2.000000000000000000e+05 3.750000000000000000e+00 5.845395922660827637e-01 3.488447517156600952e-03
0.000000000000000000e+00 0.000000000000000000e+00 2.000000000000000000e+05 3.750000000000000000e+00 5.845395922660827637e-01 3.488447517156600952e-03
0.000000000000000000e+00 0.000000000000000000e+00 2.000000000000000000e+05 3.750000000000000000e+00 5.845395922660827637e-01 3.488447517156600952e-03
0.000000000000000000e+00 0.000000000000000000e+00 2.000000000000000000e+05 3.750000000000000000e+00 5.845395922660827637e-01 3.488447517156600952e-03
0.000000000000000000e+00 0.000000000000000000e+00 2.000000000000000000e+05 3.750000000000000000e+00 5.845395922660827637e-01 3.488447517156600952e-03
