1.000000000000000000e+00 0.000000000000000000e+00 5.000000000000000000e+04 4.750000000000000000e+00 6.007687449455261230e-01 3.546630591154098511e-02
9.973000288009643555e-01 5.900000105611979961e-04 5.000000000000000000e+04 4.750000000000000000e+00 6.007687449455261230e-01 3.546630591154098511e-02
9.891800284385681152e-01 2.349999966099858284e-03 5.000000000000000000e+04 4.750000000000000000e+00 6.007687449455261230e-01 3.546630591154098511e-02
9.757800102233886719e-01 5.200000014156103134e-03 5.000000000000000000e+04 4.750000000000000000e+00 6.007687449455261230e-01 3.546630591154098511e-02
9.571999907493591309e-01 9.060000069439411163e-03 5.000000000000000000e+04 4.750000000000000000e+00 6.007687449455261230e-01 3.546630591154098511e-02
9.336500167846679688e-01 1.379999984055757523e-02 5.000000000000000000e+04 4.750000000000000000e+00 6.007687449455261230e-01 3.546630591154098511e-02
9.053500294685363770e-01 1.926999911665916443e-02 5.000000000000000000e+04 4.750000000000000000e+00 6.007687449455261230e-01 3.546630591154098511e-02
8.726000189781188965e-01 2.531999908387660980e-02 5.000000000000000000e+04 4.750000000000000000e+00 6.007687449455261230e-01 3.546630591154098511e-02
8.357700109481811523e-01 3.175000101327896118e-02 5.000000000000000000e+04 4.750000000000000000e+00 6.007687449455261230e-01 3.546630591154098511e-02
7.951999902725219727e-01 3.838999941945075989e-02 5.000000000000000000e+04 4.750000000000000000e+00 6.007687449455261230e-01 3.546630591154098511e-02
7.513800263404846191e-01 4.506000131368637085e-02 5.000000000000000000e+04 4.750000000000000000e+00 6.007687449455261230e-01 3.546630591154098511e-02
7.047500014305114746e-01 5.158000066876411438e-02 5.000000000000000000e+04 4.750000000000000000e+00 6.007687449455261230e-01 3.546630591154098511e-02
6.558300256729125977e-01 5.776999890804290771e-02 5.000000000000000000e+04 4.750000000000000000e+00 6.007687449455261230e-01 3.546630591154098511e-02
6.051300168037414551e-01 6.346999853849411011e-02 5.000000000000000000e+04 4.750000000000000000e+00 6.007687449455261230e-01 3.546630591154098511e-02
5.532199740409851074e-01 6.852000206708908081e-02 5.000000000000000000e+04 4.750000000000000000e+00 6.007687449455261230e-01 3.546630591154098511e-02
5.006700158119201660e-01 7.276000082492828369e-02 5.000000000000000000e+04 4.750000000000000000e+00 6.007687449455261230e-01 3.546630591154098511e-02
4.480699896812438965e-01 7.605999708175659180e-02 5.000000000000000000e+04 4.750000000000000000e+00 6.007687449455261230e-01 3.546630591154098511e-02
3.959699869155883789e-01 7.829999923706054688e-02 5.000000000000000000e+04 4.750000000000000000e+00 6.007687449455261230e-01 3.546630591154098511e-02
3.445500135421752930e-01 7.912000268697738647e-02 5.000000000000000000e+04 4.750000000000000000e+00 6.007687449455261230e-01 3.546630591154098511e-02
2.948499917984008789e-01 7.830999791622161865e-02 5.000000000000000000e+04 4.750000000000000000e+00 6.007687449455261230e-01 3.546630591154098511e-02
2.474499940872192383e-01 7.587999850511550903e-02 5.000000000000000000e+04 4.750000000000000000e+00 6.007687449455261230e-01 3.546630591154098511e-02
2.029200047254562378e-01 7.192999869585037231e-02 5.000000000000000000e+04 4.750000000000000000e+00 6.007687449455261230e-01 3.546630591154098511e-02
1.617500036954879761e-01 6.659000366926193237e-02 5.000000000000000000e+04 4.750000000000000000e+00 6.007687449455261230e-01 3.546630591154098511e-02
1.244800016283988953e-01 6.005999818444252014e-02 5.000000000000000000e+04 4.750000000000000000e+00 6.007687449455261230e-01 3.546630591154098511e-02
9.148000180721282959e-02 5.253000184893608093e-02 5.000000000000000000e+04 4.750000000000000000e+00 6.007687449455261230e-01 3.546630591154098511e-02
6.317000091075897217e-02 4.427000135183334351e-02 5.000000000000000000e+04 4.750000000000000000e+00 6.007687449455261230e-01 3.546630591154098511e-02
3.985000029206275940e-02 3.553000092506408691e-02 5.000000000000000000e+04 4.750000000000000000e+00 6.007687449455261230e-01 3.546630591154098511e-02
2.170000039041042328e-02 2.653999999165534973e-02 5.000000000000000000e+04 4.750000000000000000e+00 6.007687449455261230e-01 3.546630591154098511e-02
8.969999849796295166e-03 1.751999929547309875e-02 5.000000000000000000e+04 4.750000000000000000e+00 6.007687449455261230e-01 3.546630591154098511e-02
1.719999941997230053e-03 8.620000444352626801e-03 5.000000000000000000e+04 4.750000000000000000e+00 6.007687449455261230e-01 3.546630591154098511e-02
0.000000000000000000e+00 0.000000000000000000e+00 5.000000000000000000e+04 4.750000000000000000e+00 6.007687449455261230e-01 3.546630591154098511e-02
3.749999916180968285e-03 -7.939999923110008240e-03 5.000000000000000000e+04 4.750000000000000000e+00 6.007687449455261230e-01 3.546630591154098511e-02
1.290000043809413910e-02 -1.482999976724386215e-02 5.000000000000000000e+04 4.750000000000000000e+00 6.007687449455261230e-01 3.546630591154098511e-02
2.723000012338161469e-02 -2.060999907553195953e-02 5.000000000000000000e+04 4.750000000000000000e+00 6.007687449455261230e-01 3.546630591154098511e-02
4.662000015377998352e-02 -2.531000040471553802e-02 5.000000000000000000e+04 4.750000000000000000e+00 6.007687449455261230e-01 3.546630591154098511e-02
7.079999893903732300e-02 -2.892999909818172455e-02 5.000000000000000000e+04 4.750000000000000000e+00 6.007687449455261230e-01 3.546630591154098511e-02
9.948000311851501465e-02 -3.150999918580055237e-02 5.000000000000000000e+04 4.750000000000000000e+00 6.007687449455261230e-01 3.546630591154098511e-02
1.323799937963485718e-01 -3.310000151395797729e-02 5.000000000000000000e+04 4.750000000000000000e+00 6.007687449455261230e-01 3.546630591154098511e-02
1.691199988126754761e-01 -3.378999978303909302e-02 5.000000000000000000e+04 4.750000000000000000e+00 6.007687449455261230e-01 3.546630591154098511e-02
2.093199938535690308e-01 -3.367999941110610962e-02 5.000000000000000000e+04 4.750000000000000000e+00 6.007687449455261230e-01 3.546630591154098511e-02
2.525500059127807617e-01 -3.291000053286552429e-02 5.000000000000000000e+04 4.750000000000000000e+00 6.007687449455261230e-01 3.546630591154098511e-02
2.984200119972229004e-01 -3.164999932050704956e-02 5.000000000000000000e+04 4.750000000000000000e+00 6.007687449455261230e-01 3.546630591154098511e-02
3.464199900627136230e-01 -3.005000017583370209e-02 5.000000000000000000e+04 4.750000000000000000e+00 6.007687449455261230e-01 3.546630591154098511e-02
3.961200118064880371e-01 -2.830000035464763641e-02 5.000000000000000000e+04 4.750000000000000000e+00 6.007687449455261230e-01 3.546630591154098511e-02
4.474000036716461182e-01 -2.637000009417533875e-02 5.000000000000000000e+04 4.750000000000000000e+00 6.007687449455261230e-01 3.546630591154098511e-02
4.993300139904022217e-01 -2.415000088512897491e-02 5.000000000000000000e+04 4.750000000000000000e+00 6.007687449455261230e-01 3.546630591154098511e-02
5.513200163841247559e-01 -2.174000069499015808e-02 5.000000000000000000e+04 4.750000000000000000e+00 6.007687449455261230e-01 3.546630591154098511e-02
6.028000116348266602e-01 -1.924999989569187164e-02 5.000000000000000000e+04 4.750000000000000000e+00 6.007687449455261230e-01 3.546630591154098511e-02
6.531999707221984863e-01 -1.676999963819980621e-02 5.000000000000000000e+04 4.750000000000000000e+00 6.007687449455261230e-01 3.546630591154098511e-02
7.019799947738647461e-01 -1.436000037938356400e-02 5.000000000000000000e+04 4.750000000000000000e+00 6.007687449455261230e-01 3.546630591154098511e-02
7.486199736595153809e-01 -1.207999978214502335e-02 5.000000000000000000e+04 4.750000000000000000e+00 6.007687449455261230e-01 3.546630591154098511e-02
7.925699949264526367e-01 -9.940000250935554504e-03 5.000000000000000000e+04 4.750000000000000000e+00 6.007687449455261230e-01 3.546630591154098511e-02
8.333699703216552734e-01 -7.980000227689743042e-03 5.000000000000000000e+04 4.750000000000000000e+00 6.007687449455261230e-01 3.546630591154098511e-02
8.705300092697143555e-01 -6.209999788552522659e-03 5.000000000000000000e+04 4.750000000000000000e+00 6.007687449455261230e-01 3.546630591154098511e-02
9.036800265312194824e-01 -4.629999864846467972e-03 5.000000000000000000e+04 4.750000000000000000e+00 6.007687449455261230e-01 3.546630591154098511e-02
9.323800206184387207e-01 -3.259999910369515419e-03 5.000000000000000000e+04 4.750000000000000000e+00 6.007687449455261230e-01 3.546630591154098511e-02
9.563300013542175293e-01 -2.110000001266598701e-03 5.000000000000000000e+04 4.750000000000000000e+00 6.007687449455261230e-01 3.546630591154098511e-02
9.752799868583679199e-01 -1.200000056996941566e-03 5.000000000000000000e+04 4.750000000000000000e+00 6.007687449455261230e-01 3.546630591154098511e-02
9.889500141143798828e-01 -5.399999790824949741e-04 5.000000000000000000e+04 4.750000000000000000e+00 6.007687449455261230e-01 3.546630591154098511e-02
9.972299933433532715e-01 -1.300000003539025784e-04 5.000000000000000000e+04 4.750000000000000000e+00 6.007687449455261230e-01 3.546630591154098511e-02
1.000000000000000000e+00 0.000000000000000000e+00 5.000000000000000000e+04 4.750000000000000000e+00 6.007687449455261230e-01 3.546630591154098511e-02
0.000000000000000000e+00 0.000000000000000000e+00 5.000000000000000000e+04 4.750000000000000000e+00 6.007687449455261230e-01 3.546630591154098511e-02
0.000000000000000000e+00 0.000000000000000000e+00 5.000000000000000000e+04 4.750000000000000000e+00 6.007687449455261230e-01 3.546630591154098511e-02
0.000000000000000000e+00 0.000000000000000000e+00 5.000000000000000000e+04 4.750000000000000000e+00 6.007687449455261230e-01 3.546630591154098511e-02
0.000000000000000000e+00 0.000000000000000000e+00 5.000000000000000000e+04 4.750000000000000000e+00 6.007687449455261230e-01 3.546630591154098511e-02
0.000000000000000000e+00 0.000000000000000000e+00 5.000000000000000000e+04 4.750000000000000000e+00 6.007687449455261230e-01 3.546630591154098511e-02
0.000000000000000000e+00 0.000000000000000000e+00 5.000000000000000000e+04 4.750000000000000000e+00 6.007687449455261230e-01 3.546630591154098511e-02
0.000000000000000000e+00 0.000000000000000000e+00 5.000000000000000000e+04 4.750000000000000000e+00 6.007687449455261230e-01 3.546630591154098511e-02
0.000000000000000000e+00 0.000000000000000000e+00 5.000000000000000000e+04 4.750000000000000000e+00 6.007687449455261230e-01 3.546630591154098511e-02
