1.000000000000000000e+00 1.900000032037496567e-03 1.000000000000000000e+05 -1.275000000000000000e+01 -9.448283314704895020e-01 5.747156217694282532e-02
9.499999880790710449e-01 1.319999992847442627e-02 1.000000000000000000e+05 -1.275000000000000000e+01 -9.448283314704895020e-01 5.747156217694282532e-02
8.999999761581420898e-01 2.390000037848949432e-02 1.000000000000000000e+05 -1.275000000000000000e+01 -9.448283314704895020e-01 5.747156217694282532e-02
8.000000119209289551e-01 4.399999976158142090e-02 1.000000000000000000e+05 -1.275000000000000000e+01 -9.448283314704895020e-01 5.747156217694282532e-02
6.999999880790710449e-01 6.179999932646751404e-02 1.000000000000000000e+05 -1.275000000000000000e+01 -9.448283314704895020e-01 5.747156217694282532e-02
6.000000238418579102e-01 7.750000059604644775e-02 1.000000000000000000e+05 -1.275000000000000000e+01 -9.448283314704895020e-01 5.747156217694282532e-02
5.000000000000000000e-01 9.049999713897705078e-02 1.000000000000000000e+05 -1.275000000000000000e+01 -9.448283314704895020e-01 5.747156217694282532e-02
4.000000059604644775e-01 1.004000008106231689e-01 1.000000000000000000e+05 -1.275000000000000000e+01 -9.448283314704895020e-01 5.747156217694282532e-02
3.000000119209289551e-01 1.054999977350234985e-01 1.000000000000000000e+05 -1.275000000000000000e+01 -9.448283314704895020e-01 5.747156217694282532e-02
2.500000000000000000e-01 1.055999994277954102e-01 1.000000000000000000e+05 -1.275000000000000000e+01 -9.448283314704895020e-01 5.747156217694282532e-02
2.000000029802322388e-01 1.036000028252601624e-01 1.000000000000000000e+05 -1.275000000000000000e+01 -9.448283314704895020e-01 5.747156217694282532e-02
1.500000059604644775e-01 9.860000014305114746e-02 1.000000000000000000e+05 -1.275000000000000000e+01 -9.448283314704895020e-01 5.747156217694282532e-02
1.000000014901161194e-01 8.829999715089797974e-02 1.000000000000000000e+05 -1.275000000000000000e+01 -9.448283314704895020e-01 5.747156217694282532e-02
7.500000298023223877e-02 8.009999990463256836e-02 1.000000000000000000e+05 -1.275000000000000000e+01 -9.448283314704895020e-01 5.747156217694282532e-02
5.000000074505805969e-02 6.920000165700912476e-02 1.000000000000000000e+05 -1.275000000000000000e+01 -9.448283314704895020e-01 5.747156217694282532e-02
2.500000037252902985e-02 5.290000140666961670e-02 1.000000000000000000e+05 -1.275000000000000000e+01 -9.448283314704895020e-01 5.747156217694282532e-02
1.250000018626451492e-02 4.089999943971633911e-02 1.000000000000000000e+05 -1.275000000000000000e+01 -9.448283314704895020e-01 5.747156217694282532e-02
0.000000000000000000e+00 0.000000000000000000e+00 1.000000000000000000e+05 -1.275000000000000000e+01 -9.448283314704895020e-01 5.747156217694282532e-02
1.250000018626451492e-02 -1.830000057816505432e-02 1.000000000000000000e+05 -1.275000000000000000e+01 -9.448283314704895020e-01 5.747156217694282532e-02
2.500000037252902985e-02 -2.710000053048133850e-02 1.000000000000000000e+05 -1.275000000000000000e+01 -9.448283314704895020e-01 5.747156217694282532e-02
5.000000074505805969e-02 -3.799999877810478210e-02 1.000000000000000000e+05 -1.275000000000000000e+01 -9.448283314704895020e-01 5.747156217694282532e-02
7.500000298023223877e-02 -4.600000008940696716e-02 1.000000000000000000e+05 -1.275000000000000000e+01 -9.448283314704895020e-01 5.747156217694282532e-02
1.000000014901161194e-01 -5.220000073313713074e-02 1.000000000000000000e+05 -1.275000000000000000e+01 -9.448283314704895020e-01 5.747156217694282532e-02
1.500000059604644775e-01 -6.179999932646751404e-02 1.000000000000000000e+05 -1.275000000000000000e+01 -9.448283314704895020e-01 5.747156217694282532e-02
2.000000029802322388e-01 -6.859999895095825195e-02 1.000000000000000000e+05 -1.275000000000000000e+01 -9.448283314704895020e-01 5.747156217694282532e-02
2.500000000000000000e-01 -7.270000129938125610e-02 1.000000000000000000e+05 -1.275000000000000000e+01 -9.448283314704895020e-01 5.747156217694282532e-02
3.000000119209289551e-01 -7.469999790191650391e-02 1.000000000000000000e+05 -1.275000000000000000e+01 -9.448283314704895020e-01 5.747156217694282532e-02
4.000000059604644775e-01 -7.370000332593917847e-02 1.000000000000000000e+05 -1.275000000000000000e+01 -9.448283314704895020e-01 5.747156217694282532e-02
5.000000000000000000e-01 -6.809999793767929077e-02 1.000000000000000000e+05 -1.275000000000000000e+01 -9.448283314704895020e-01 5.747156217694282532e-02
6.000000238418579102e-01 -5.939999967813491821e-02 1.000000000000000000e+05 -1.275000000000000000e+01 -9.448283314704895020e-01 5.747156217694282532e-02
6.999999880790710449e-01 -4.820000007748603821e-02 1.000000000000000000e+05 -1.275000000000000000e+01 -9.448283314704895020e-01 5.747156217694282532e-02
8.000000119209289551e-01 -3.480000048875808716e-02 1.000000000000000000e+05 -1.275000000000000000e+01 -9.448283314704895020e-01 5.747156217694282532e-02
8.999999761581420898e-01 -1.940000057220458984e-02 1.000000000000000000e+05 -1.275000000000000000e+01 -9.448283314704895020e-01 5.747156217694282532e-02
9.499999880790710449e-01 -1.090000011026859283e-02 1.000000000000000000e+05 -1.275000000000000000e+01 -9.448283314704895020e-01 5.747156217694282532e-02
1.000000000000000000e+00 -1.900000032037496567e-03 1.000000000000000000e+05 -1.275000000000000000e+01 -9.448283314704895020e-01 5.747156217694282532e-02
0.000000000000000000e+00 0.000000000000000000e+00 1.000000000000000000e+05 -1.275000000000000000e+01 -9.448283314704895020e-01 5.747156217694282532e-02
0.000000000000000000e+00 0.000000000000000000e+00 1.000000000000000000e+05 -1.275000000000000000e+01 -9.448283314704895020e-01 5.747156217694282532e-02
0.000000000000000000e+00 0.000000000000000000e+00 1.000000000000000000e+05 -1.275000000000000000e+01 -9.448283314704895020e-01 5.747156217694282532e-02
0.000000000000000000e+00 0.000000000000000000e+00 1.000000000000000000e+05 -1.275000000000000000e+01 -9.448283314704895020e-01 5.747156217694282532e-02
0.000000000000000000e+00 0.000000000000000000e+00 1.000000000000000000e+05 -1.275000000000000000e+01 -9.448283314704895020e-01 5.747156217694282532e-02
0.000000000000000000e+00 0.000000000000000000e+00 1.000000000000000000e+05 -1.275000000000000000e+01 -9.448283314704895020e-01 5.747156217694282532e-02
0.000000000000000000e+00 0.000000000000000000e+00 1.000000000000000000e+05 -1.275000000000000000e+01 -9.448283314704895020e-01 5.747156217694282532e-02
0.000000000000000000e+00 0.000000000000000000e+00 1.000000000000000000e+05 -1.275000000000000000e+01 -9.448283314704895020e-01 5.747156217694282532e-02
0.000000000000000000e+00 0.000000000000000000e+00 1.000000000000000000e+05 -1.275000000000000000e+01 -9.448283314704895020e-01 5.747156217694282532e-02
0.000000000000000000e+00 0.000000000000000000e+00 1.000000000000000000e+05 -1.275000000000000000e+01 -9.448283314704895020e-01 5.747156217694282532e-02
0.000000000000000000e+00 0.000000000000000000e+00 1.000000000000000000e+05 -1.275000000000000000e+01 -9.448283314704895020e-01 5.747156217694282532e-02
0.000000000000000000e+00 0.000000000000000000e+00 1.000000000000000000e+05 -1.275000000000000000e+01 -9.448283314704895020e-01 5.747156217694282532e-02
0.000000000000000000e+00 0.000000000000000000e+00 1.000000000000000000e+05 -1.275000000000000000e+01 -9.448283314704895020e-01 5.747156217694282532e-02
0.000000000000000000e+00 0.000000000000000000e+00 1.000000000000000000e+05 -1.275000000000000000e+01 -9.448283314704895020e-01 5.747156217694282532e-02
0.000000000000000000e+00 0.000000000000000000e+00 1.000000000000000000e+05 -1.275000000000000000e+01 -9.448283314704895020e-01 5.747156217694282532e-02
0.000000000000000000e+00 0.000000000000000000e+00 1.000000000000000000e+05 -1.275000000000000000e+01 -9.448283314704895020e-01 5.747156217694282532e-02
0.000000000000000000e+00 0.000000000000000000e+00 1.000000000000000000e+05 -1.275000000000000000e+01 -9.448283314704895020e-01 5.747156217694282532e-02
0.000000000000000000e+00 0.000000000000000000e+00 1.000000000000000000e+05 -1.275000000000000000e+01 -9.448283314704895020e-01 5.747156217694282532e-02
0.000000000000000000e+00 0.000000000000000000e+00 1.000000000000000000e+05 -1.275000000000000000e+01 -9.448283314704895020e-01 5.747156217694282532e-02
0.000000000000000000e+00 0.000000000000000000e+00 1.000000000000000000e+05 -1.275000000000000000e+01 -9.448283314704895020e-01 5.747156217694282532e-02
0.000000000000000000e+00 0.000000000000000000e+00 1.000000000000000000e+05 -1.275000000000000000e+01 -9.448283314704895020e-01 5.747156217694282532e-02
0.000000000000000000e+00 0.000000000000000000e+00 1.000000000000000000e+05 -1.275000000000000000e+01 -9.448283314704895020e-01 5.747156217694282532e-02
0.000000000000000000e+00 0.000000000000000000e+00 1.000000000000000000e+05 -1.275000000000000000e+01 -9.448283314704895020e-01 5.747156217694282532e-02
0.000000000000000000e+00 0.000000000000000000e+00 1.000000000000000000e+05 -1.275000000000000000e+01 -9.448283314704895020e-01 5.747156217694282532e-02
0.000000000000000000e+00 0.000000000000000000e+00 1.000000000000000000e+05 -1.275000000000000000e+01 -9.448283314704895020e-01 5.747156217694282532e-02
0.000000000000000000e+00 0.000000000000000000e+00 1.000000000000000000e+05 -1.275000000000000000e+01 -9.448283314704895020e-01 5.747156217694282532e-02
0.000000000000000000e+00 0.000000000000000000e+00 1.000000000000000000e+05 -1.275000000000000000e+01 -9.448283314704895020e-01 5.747156217694282532e-02
0.000000000000000000e+00 0.000000000000000000e+00 1.000000000000000000e+05 -1.275000000000000000e+01 -9.448283314704895020e-01 5.747156217694282532e-02
0.000000000000000000e+00 0.000000000000000000e+00 1.000000000000000000e+05 -1.275000000000000000e+01 -9.448283314704895020e-01 5.747156217694282532e-02
0.000000000000000000e+00 0.000000000000000000e+00 1.000000000000000000e+05 -1.275000000000000000e+01 -9.448283314704895020e-01 5.747156217694282532e-02
0.000000000000000000e+00 0.000000000000000000e+00 1.000000000000000000e+05 -1.275000000000000000e+01 -9.448283314704895020e-01 5.747156217694282532e-02
0.000000000000000000e+00 0.000000000000000000e+00 1.000000000000000000e+05 -1.275000000000000000e+01 -9.448283314704895020e-01 5.747156217694282532e-02
0.000000000000000000e+00 0.000000000000000000e+00 1.000000000000000000e+05 -1.275000000000000000e+01 -9.448283314704895020e-01 5.747156217694282532e-02
0.000000000000000000e+00 0.000000000000000000e+00 1.000000000000000000e+05 -1.275000000000000000e+01 -9.448283314704895020e-01 5.747156217694282532e-02
