1.000000000000000000e+00 8.399999933317303658e-04 1.000000000000000000e+06 -2.500000000000000000e+00 -4.256055690348148346e-03 9.438857436180114746e-03
9.503300189971923828e-01 8.550000376999378204e-03 1.000000000000000000e+06 -2.500000000000000000e+00 -4.256055690348148346e-03 9.438857436180114746e-03
9.005399942398071289e-01 1.575000025331974030e-02 1.000000000000000000e+06 -2.500000000000000000e+00 -4.256055690348148346e-03 9.438857436180114746e-03
8.007799983024597168e-01 2.858000062406063080e-02 1.000000000000000000e+06 -2.500000000000000000e+00 -4.256055690348148346e-03 9.438857436180114746e-03
7.008100152015686035e-01 3.942000120878219604e-02 1.000000000000000000e+06 -2.500000000000000000e+00 -4.256055690348148346e-03 9.438857436180114746e-03
6.006799936294555664e-01 4.820000007748603821e-02 1.000000000000000000e+06 -2.500000000000000000e+00 -4.256055690348148346e-03 9.438857436180114746e-03
5.003899931907653809e-01 5.473000183701515198e-02 1.000000000000000000e+06 -2.500000000000000000e+00 -4.256055690348148346e-03 9.438857436180114746e-03
4.000000059604644775e-01 5.869000032544136047e-02 1.000000000000000000e+06 -2.500000000000000000e+00 -4.256055690348148346e-03 9.438857436180114746e-03
2.989999949932098389e-01 5.874999985098838806e-02 1.000000000000000000e+06 -2.500000000000000000e+00 -4.256055690348148346e-03 9.438857436180114746e-03
2.485200017690658569e-01 5.677000060677528381e-02 1.000000000000000000e+06 -2.500000000000000000e+00 -4.256055690348148346e-03 9.438857436180114746e-03
1.980900019407272339e-01 5.319999903440475464e-02 1.000000000000000000e+06 -2.500000000000000000e+00 -4.256055690348148346e-03 9.438857436180114746e-03
1.477800011634826660e-01 4.775999858975410461e-02 1.000000000000000000e+06 -2.500000000000000000e+00 -4.256055690348148346e-03 9.438857436180114746e-03
9.768000245094299316e-02 3.987000137567520142e-02 1.000000000000000000e+06 -2.500000000000000000e+00 -4.256055690348148346e-03 9.438857436180114746e-03
7.272999733686447144e-02 3.471000120043754578e-02 1.000000000000000000e+06 -2.500000000000000000e+00 -4.256055690348148346e-03 9.438857436180114746e-03
4.794000089168548584e-02 2.828999981284141541e-02 1.000000000000000000e+06 -2.500000000000000000e+00 -4.256055690348148346e-03 9.438857436180114746e-03
2.336999960243701935e-02 1.944000087678432465e-02 1.000000000000000000e+06 -2.500000000000000000e+00 -4.256055690348148346e-03 9.438857436180114746e-03
1.128000020980834961e-02 1.379999984055757523e-02 1.000000000000000000e+06 -2.500000000000000000e+00 -4.256055690348148346e-03 9.438857436180114746e-03
0.000000000000000000e+00 0.000000000000000000e+00 1.000000000000000000e+06 -2.500000000000000000e+00 -4.256055690348148346e-03 9.438857436180114746e-03
1.372000016272068024e-02 -1.133999973535537720e-02 1.000000000000000000e+06 -2.500000000000000000e+00 -4.256055690348148346e-03 9.438857436180114746e-03
2.662999927997589111e-02 -1.492999959737062454e-02 1.000000000000000000e+06 -2.500000000000000000e+00 -4.256055690348148346e-03 9.438857436180114746e-03
5.206000059843063354e-02 -1.891000010073184967e-02 1.000000000000000000e+06 -2.500000000000000000e+00 -4.256055690348148346e-03 9.438857436180114746e-03
7.727000117301940918e-02 -2.111000008881092072e-02 1.000000000000000000e+06 -2.500000000000000000e+00 -4.256055690348148346e-03 9.438857436180114746e-03
1.023200005292892456e-01 -2.236999943852424622e-02 1.000000000000000000e+06 -2.500000000000000000e+00 -4.256055690348148346e-03 9.438857436180114746e-03
1.522199958562850952e-01 -2.338000014424324036e-02 1.000000000000000000e+06 -2.500000000000000000e+00 -4.256055690348148346e-03 9.438857436180114746e-03
2.019100040197372437e-01 -2.319999970495700836e-02 1.000000000000000000e+06 -2.500000000000000000e+00 -4.256055690348148346e-03 9.438857436180114746e-03
2.514800131320953369e-01 -2.239000052213668823e-02 1.000000000000000000e+06 -2.500000000000000000e+00 -4.256055690348148346e-03 9.438857436180114746e-03
3.009999990463256836e-01 -2.125000022351741791e-02 1.000000000000000000e+06 -2.500000000000000000e+00 -4.256055690348148346e-03 9.438857436180114746e-03
4.000000059604644775e-01 -1.868999935686588287e-02 1.000000000000000000e+06 -2.500000000000000000e+00 -4.256055690348148346e-03 9.438857436180114746e-03
4.996100068092346191e-01 -1.585000008344650269e-02 1.000000000000000000e+06 -2.500000000000000000e+00 -4.256055690348148346e-03 9.438857436180114746e-03
5.993199944496154785e-01 -1.264000032097101212e-02 1.000000000000000000e+06 -2.500000000000000000e+00 -4.256055690348148346e-03 9.438857436180114746e-03
6.991900205612182617e-01 -9.420000016689300537e-03 1.000000000000000000e+06 -2.500000000000000000e+00 -4.256055690348148346e-03 9.438857436180114746e-03
7.992200255393981934e-01 -6.359999999403953552e-03 1.000000000000000000e+06 -2.500000000000000000e+00 -4.256055690348148346e-03 9.438857436180114746e-03
8.994600176811218262e-01 -3.530000103637576103e-03 1.000000000000000000e+06 -2.500000000000000000e+00 -4.256055690348148346e-03 9.438857436180114746e-03
9.496700167655944824e-01 -2.169999992474913597e-03 1.000000000000000000e+06 -2.500000000000000000e+00 -4.256055690348148346e-03 9.438857436180114746e-03
1.000000000000000000e+00 -8.399999933317303658e-04 1.000000000000000000e+06 -2.500000000000000000e+00 -4.256055690348148346e-03 9.438857436180114746e-03
0.000000000000000000e+00 0.000000000000000000e+00 1.000000000000000000e+06 -2.500000000000000000e+00 -4.256055690348148346e-03 9.438857436180114746e-03
0.000000000000000000e+00 0.000000000000000000e+00 1.000000000000000000e+06 -2.500000000000000000e+00 -4.256055690348148346e-03 9.438857436180114746e-03
0.000000000000000000e+00 0.000000000000000000e+00 1.000000000000000000e+06 -2.500000000000000000e+00 -4.256055690348148346e-03 9.438857436180114746e-03
0.000000000000000000e+00 0.000000000000000000e+00 1.000000000000000000e+06 -2.500000000000000000e+00 -4.256055690348148346e-03 9.438857436180114746e-03
0.000000000000000000e+00 0.000000000000000000e+00 1.000000000000000000e+06 -2.500000000000000000e+00 -4.256055690348148346e-03 9.438857436180114746e-03
0.000000000000000000e+00 0.000000000000000000e+00 1.000000000000000000e+06 -2.500000000000000000e+00 -4.256055690348148346e-03 9.438857436180114746e-03
0.000000000000000000e+00 0.000000000000000000e+00 1.000000000000000000e+06 -2.500000000000000000e+00 -4.256055690348148346e-03 9.438857436180114746e-03
0.000000000000000000e+00 0.000000000000000000e+00 1.000000000000000000e+06 -2.500000000000000000e+00 -4.256055690348148346e-03 9.438857436180114746e-03
0.000000000000000000e+00 0.000000000000000000e+00 1.000000000000000000e+06 -2.500000000000000000e+00 -4.256055690348148346e-03 9.438857436180114746e-03
0.000000000000000000e+00 0.000000000000000000e+00 1.000000000000000000e+06 -2.500000000000000000e+00 -4.256055690348148346e-03 9.438857436180114746e-03
0.000000000000000000e+00 0.000000000000000000e+00 1.000000000000000000e+06 -2.500000000000000000e+00 -4.256055690348148346e-03 9.438857436180114746e-03
0.000000000000000000e+00 0.000000000000000000e+00 1.000000000000000000e+06 -2.500000000000000000e+00 -4.256055690348148346e-03 9.438857436180114746e-03
0.000000000000000000e+00 0.000000000000000000e+00 1.000000000000000000e+06 -2.500000000000000000e+00 -4.256055690348148346e-03 9.438857436180114746e-03
0.000000000000000000e+00 0.000000000000000000e+00 1.000000000000000000e+06 -2.500000000000000000e+00 -4.256055690348148346e-03 9.438857436180114746e-03
0.000000000000000000e+00 0.000000000000000000e+00 1.000000000000000000e+06 -2.500000000000000000e+00 -4.256055690348148346e-03 9.438857436180114746e-03
0.000000000000000000e+00 0.000000000000000000e+00 1.000000000000000000e+06 -2.500000000000000000e+00 -4.256055690348148346e-03 9.438857436180114746e-03
0.000000000000000000e+00 0.000000000000000000e+00 1.000000000000000000e+06 -2.500000000000000000e+00 -4.256055690348148346e-03 9.438857436180114746e-03
0.000000000000000000e+00 0.000000000000000000e+00 1.000000000000000000e+06 -2.500000000000000000e+00 -4.256055690348148346e-03 9.438857436180114746e-03
0.000000000000000000e+00 0.000000000000000000e+00 1.000000000000000000e+06 -2.500000000000000000e+00 -4.256055690348148346e-03 9.438857436180114746e-03
0.000000000000000000e+00 0.000000000000000000e+00 1.000000000000000000e+06 -2.500000000000000000e+00 -4.256055690348148346e-03 9.438857436180114746e-03
0.000000000000000000e+00 0.000000000000000000e+00 1.000000000000000000e+06 -2.500000000000000000e+00 -4.256055690348148346e-03 9.438857436180114746e-03
0.000000000000000000e+00 0.000000000000000000e+00 1.000000000000000000e+06 -2.500000000000000000e+00 -4.256055690348148346e-03 9.438857436180114746e-03
0.000000000000000000e+00 0.000000000000000000e+00 1.000000000000000000e+06 -2.500000000000000000e+00 -4.256055690348148346e-03 9.438857436180114746e-03
0.000000000000000000e+00 0.000000000000000000e+00 1.000000000000000000e+06 -2.500000000000000000e+00 -4.256055690348148346e-03 9.438857436180114746e-03
0.000000000000000000e+00 0.000000000000000000e+00 1.000000000000000000e+06 -2.500000000000000000e+00 -4.256055690348148346e-03 9.438857436180114746e-03
0.000000000000000000e+00 0.000000000000000000e+00 1.000000000000000000e+06 -2.500000000000000000e+00 -4.256055690348148346e-03 9.438857436180114746e-03
0.000000000000000000e+00 0.000000000000000000e+00 1.000000000000000000e+06 -2.500000000000000000e+00 -4.256055690348148346e-03 9.438857436180114746e-03
0.000000000000000000e+00 0.000000000000000000e+00 1.000000000000000000e+06 -2.500000000000000000e+00 -4.256055690348148346e-03 9.438857436180114746e-03
0.000000000000000000e+00 0.000000000000000000e+00 1.000000000000000000e+06 -2.500000000000000000e+00 -4.256055690348148346e-03 9.438857436180114746e-03
0.000000000000000000e+00 0.000000000000000000e+00 1.000000000000000000e+06 -2.500000000000000000e+00 -4.256055690348148346e-03 9.438857436180114746e-03
0.000000000000000000e+00 0.000000000000000000e+00 1.000000000000000000e+06 -2.500000000000000000e+00 -4.256055690348148346e-03 9.438857436180114746e-03
0.000000000000000000e+00 0.000000000000000000e+00 1.000000000000000000e+06 -2.500000000000000000e+00 -4.256055690348148346e-03 9.438857436180114746e-03
0.000000000000000000e+00 0.000000000000000000e+00 1.000000000000000000e+06 -2.500000000000000000e+00 -4.256055690348148346e-03 9.438857436180114746e-03
0.000000000000000000e+00 0.000000000000000000e+00 1.000000000000000000e+06 -2.500000000000000000e+00 -4.256055690348148346e-03 9.438857436180114746e-03
