1.000000000000000000e+00 1.049999999999999935e-03 1.000000000000000000e+05 0.000000000000000000e+00 0.000000000000000000e+00 1.319999999999999993e-02
9.499999999999999556e-01 6.720000000000000279e-03 1.000000000000000000e+05 0.000000000000000000e+00 0.000000000000000000e+00 1.319999999999999993e-02
9.000000000000000222e-01 1.207000000000000087e-02 1.000000000000000000e+05 0.000000000000000000e+00 0.000000000000000000e+00 1.319999999999999993e-02
8.000000000000000444e-01 2.187000000000000055e-02 1.000000000000000000e+05 0.000000000000000000e+00 0.000000000000000000e+00 1.319999999999999993e-02
6.999999999999999556e-01 3.053000000000000158e-02 1.000000000000000000e+05 0.000000000000000000e+00 0.000000000000000000e+00 1.319999999999999993e-02
5.999999999999999778e-01 3.803000000000000130e-02 1.000000000000000000e+05 0.000000000000000000e+00 0.000000000000000000e+00 1.319999999999999993e-02
5.000000000000000000e-01 4.411999999999999950e-02 1.000000000000000000e+05 0.000000000000000000e+00 0.000000000000000000e+00 1.319999999999999993e-02
4.000000000000000222e-01 4.837000000000000327e-02 1.000000000000000000e+05 0.000000000000000000e+00 0.000000000000000000e+00 1.319999999999999993e-02
2.999999999999999889e-01 5.002000000000000196e-02 1.000000000000000000e+05 0.000000000000000000e+00 0.000000000000000000e+00 1.319999999999999993e-02
2.500000000000000000e-01 4.952000000000000152e-02 1.000000000000000000e+05 0.000000000000000000e+00 0.000000000000000000e+00 1.319999999999999993e-02
2.000000000000000111e-01 4.782000000000000139e-02 1.000000000000000000e+05 0.000000000000000000e+00 0.000000000000000000e+00 1.319999999999999993e-02
1.499999999999999944e-01 4.454999999999999932e-02 1.000000000000000000e+05 0.000000000000000000e+00 0.000000000000000000e+00 1.319999999999999993e-02
1.000000000000000056e-01 3.901999999999999913e-02 1.000000000000000000e+05 0.000000000000000000e+00 0.000000000000000000e+00 1.319999999999999993e-02
7.499999999999999722e-02 3.500000000000000333e-02 1.000000000000000000e+05 0.000000000000000000e+00 0.000000000000000000e+00 1.319999999999999993e-02
5.000000000000000278e-02 2.962000000000000050e-02 1.000000000000000000e+05 0.000000000000000000e+00 0.000000000000000000e+00 1.319999999999999993e-02
2.500000000000000139e-02 2.178000000000000075e-02 1.000000000000000000e+05 0.000000000000000000e+00 0.000000000000000000e+00 1.319999999999999993e-02
1.250000000000000069e-02 1.577999999999999889e-02 1.000000000000000000e+05 0.000000000000000000e+00 0.000000000000000000e+00 1.319999999999999993e-02
0.000000000000000000e+00 0.000000000000000000e+00 1.000000000000000000e+05 0.000000000000000000e+00 0.000000000000000000e+00 1.319999999999999993e-02
1.250000000000000069e-02 -1.577999999999999889e-02 1.000000000000000000e+05 0.000000000000000000e+00 0.000000000000000000e+00 1.319999999999999993e-02
2.500000000000000139e-02 -2.178000000000000075e-02 1.000000000000000000e+05 0.000000000000000000e+00 0.000000000000000000e+00 1.319999999999999993e-02
5.000000000000000278e-02 -2.962000000000000050e-02 1.000000000000000000e+05 0.000000000000000000e+00 0.000000000000000000e+00 1.319999999999999993e-02
7.499999999999999722e-02 -3.500000000000000333e-02 1.000000000000000000e+05 0.000000000000000000e+00 0.000000000000000000e+00 1.319999999999999993e-02
1.000000000000000056e-01 -3.901999999999999913e-02 1.000000000000000000e+05 0.000000000000000000e+00 0.000000000000000000e+00 1.319999999999999993e-02
1.499999999999999944e-01 -4.454999999999999932e-02 1.000000000000000000e+05 0.000000000000000000e+00 0.000000000000000000e+00 1.319999999999999993e-02
2.000000000000000111e-01 -4.782000000000000139e-02 1.000000000000000000e+05 0.000000000000000000e+00 0.000000000000000000e+00 1.319999999999999993e-02
2.500000000000000000e-01 -4.952000000000000152e-02 1.000000000000000000e+05 0.000000000000000000e+00 0.000000000000000000e+00 1.319999999999999993e-02
2.999999999999999889e-01 -5.002000000000000196e-02 1.000000000000000000e+05 0.000000000000000000e+00 0.000000000000000000e+00 1.319999999999999993e-02
4.000000000000000222e-01 -4.837000000000000327e-02 1.000000000000000000e+05 0.000000000000000000e+00 0.000000000000000000e+00 1.319999999999999993e-02
5.000000000000000000e-01 -4.411999999999999950e-02 1.000000000000000000e+05 0.000000000000000000e+00 0.000000000000000000e+00 1.319999999999999993e-02
5.999999999999999778e-01 -3.803000000000000130e-02 1.000000000000000000e+05 0.000000000000000000e+00 0.000000000000000000e+00 1.319999999999999993e-02
6.999999999999999556e-01 -3.053000000000000158e-02 1.000000000000000000e+05 0.000000000000000000e+00 0.000000000000000000e+00 1.319999999999999993e-02
8.000000000000000444e-01 -2.187000000000000055e-02 1.000000000000000000e+05 0.000000000000000000e+00 0.000000000000000000e+00 1.319999999999999993e-02
9.000000000000000222e-01 -1.207000000000000087e-02 1.000000000000000000e+05 0.000000000000000000e+00 0.000000000000000000e+00 1.319999999999999993e-02
9.499999999999999556e-01 -6.720000000000000279e-03 1.000000000000000000e+05 0.000000000000000000e+00 0.000000000000000000e+00 1.319999999999999993e-02
1.000000000000000000e+00 -1.049999999999999935e-03 1.000000000000000000e+05 0.000000000000000000e+00 0.000000000000000000e+00 1.319999999999999993e-02
