1.000000000000000000e+00 0.000000000000000000e+00 5.000000000000000000e+05 -3.500000000000000000e+00 -5.018000000000000238e-01 9.159999999999999740e-03
9.957200000000000495e-01 5.699999999999999772e-04 5.000000000000000000e+05 -3.500000000000000000e+00 -5.018000000000000238e-01 9.159999999999999740e-03
9.829599999999999449e-01 2.180000000000000080e-03 5.000000000000000000e+05 -3.500000000000000000e+00 -5.018000000000000238e-01 9.159999999999999740e-03
9.619400000000000173e-01 4.629999999999999567e-03 5.000000000000000000e+05 -3.500000000000000000e+00 -5.018000000000000238e-01 9.159999999999999740e-03
9.330100000000000060e-01 7.700000000000000247e-03 5.000000000000000000e+05 -3.500000000000000000e+00 -5.018000000000000238e-01 9.159999999999999740e-03
8.966800000000000326e-01 1.127000000000000050e-02 5.000000000000000000e+05 -3.500000000000000000e+00 -5.018000000000000238e-01 9.159999999999999740e-03
8.535500000000000309e-01 1.521999999999999915e-02 5.000000000000000000e+05 -3.500000000000000000e+00 -5.018000000000000238e-01 9.159999999999999740e-03
8.043799999999999839e-01 1.944999999999999854e-02 5.000000000000000000e+05 -3.500000000000000000e+00 -5.018000000000000238e-01 9.159999999999999740e-03
7.500000000000000000e-01 2.384000000000000008e-02 5.000000000000000000e+05 -3.500000000000000000e+00 -5.018000000000000238e-01 9.159999999999999740e-03
6.913399999999999546e-01 2.823000000000000162e-02 5.000000000000000000e+05 -3.500000000000000000e+00 -5.018000000000000238e-01 9.159999999999999740e-03
6.294100000000000250e-01 3.246999999999999886e-02 5.000000000000000000e+05 -3.500000000000000000e+00 -5.018000000000000238e-01 9.159999999999999740e-03
5.652599999999999847e-01 3.638000000000000261e-02 5.000000000000000000e+05 -3.500000000000000000e+00 -5.018000000000000238e-01 9.159999999999999740e-03
5.000000000000000000e-01 3.978000000000000286e-02 5.000000000000000000e+05 -3.500000000000000000e+00 -5.018000000000000238e-01 9.159999999999999740e-03
4.347400000000000153e-01 4.247999999999999693e-02 5.000000000000000000e+05 -3.500000000000000000e+00 -5.018000000000000238e-01 9.159999999999999740e-03
3.705899999999999750e-01 4.431000000000000216e-02 5.000000000000000000e+05 -3.500000000000000000e+00 -5.018000000000000238e-01 9.159999999999999740e-03
3.392800000000000260e-01 4.483999999999999792e-02 5.000000000000000000e+05 -3.500000000000000000e+00 -5.018000000000000238e-01 9.159999999999999740e-03
3.086599999999999899e-01 4.508999999999999814e-02 5.000000000000000000e+05 -3.500000000000000000e+00 -5.018000000000000238e-01 9.159999999999999740e-03
2.788599999999999968e-01 4.503999999999999670e-02 5.000000000000000000e+05 -3.500000000000000000e+00 -5.018000000000000238e-01 9.159999999999999740e-03
2.500000000000000000e-01 4.465999999999999831e-02 5.000000000000000000e+05 -3.500000000000000000e+00 -5.018000000000000238e-01 9.159999999999999740e-03
2.222099999999999909e-01 4.397000000000000214e-02 5.000000000000000000e+05 -3.500000000000000000e+00 -5.018000000000000238e-01 9.159999999999999740e-03
1.956199999999999883e-01 4.295000000000000207e-02 5.000000000000000000e+05 -3.500000000000000000e+00 -5.018000000000000238e-01 9.159999999999999740e-03
1.703300000000000092e-01 4.161000000000000115e-02 5.000000000000000000e+05 -3.500000000000000000e+00 -5.018000000000000238e-01 9.159999999999999740e-03
1.464499999999999968e-01 3.994000000000000328e-02 5.000000000000000000e+05 -3.500000000000000000e+00 -5.018000000000000238e-01 9.159999999999999740e-03
1.240799999999999959e-01 3.794999999999999762e-02 5.000000000000000000e+05 -3.500000000000000000e+00 -5.018000000000000238e-01 9.159999999999999740e-03
1.033199999999999952e-01 3.563999999999999807e-02 5.000000000000000000e+05 -3.500000000000000000e+00 -5.018000000000000238e-01 9.159999999999999740e-03
8.426999999999999769e-02 3.305000000000000299e-02 5.000000000000000000e+05 -3.500000000000000000e+00 -5.018000000000000238e-01 9.159999999999999740e-03
6.698999999999999400e-02 3.022999999999999993e-02 5.000000000000000000e+05 -3.500000000000000000e+00 -5.018000000000000238e-01 9.159999999999999740e-03
5.156000000000000166e-02 2.719999999999999848e-02 5.000000000000000000e+05 -3.500000000000000000e+00 -5.018000000000000238e-01 9.159999999999999740e-03
3.805999999999999661e-02 2.394999999999999907e-02 5.000000000000000000e+05 -3.500000000000000000e+00 -5.018000000000000238e-01 9.159999999999999740e-03
2.653000000000000150e-02 2.038999999999999840e-02 5.000000000000000000e+05 -3.500000000000000000e+00 -5.018000000000000238e-01 9.159999999999999740e-03
1.703999999999999959e-02 1.645999999999999894e-02 5.000000000000000000e+05 -3.500000000000000000e+00 -5.018000000000000238e-01 9.159999999999999740e-03
9.610000000000000486e-03 1.213999999999999975e-02 5.000000000000000000e+05 -3.500000000000000000e+00 -5.018000000000000238e-01 9.159999999999999740e-03
4.279999999999999950e-03 7.669999999999999735e-03 5.000000000000000000e+05 -3.500000000000000000e+00 -5.018000000000000238e-01 9.159999999999999740e-03
1.069999999999999988e-03 3.490000000000000047e-03 5.000000000000000000e+05 -3.500000000000000000e+00 -5.018000000000000238e-01 9.159999999999999740e-03
0.000000000000000000e+00 0.000000000000000000e+00 5.000000000000000000e+05 -3.500000000000000000e+00 -5.018000000000000238e-01 9.159999999999999740e-03
1.069999999999999988e-03 -3.490000000000000047e-03 5.000000000000000000e+05 -3.500000000000000000e+00 -5.018000000000000238e-01 9.159999999999999740e-03
4.279999999999999950e-03 -7.669999999999999735e-03 5.000000000000000000e+05 -3.500000000000000000e+00 -5.018000000000000238e-01 9.159999999999999740e-03
9.610000000000000486e-03 -1.213999999999999975e-02 5.000000000000000000e+05 -3.500000000000000000e+00 -5.018000000000000238e-01 9.159999999999999740e-03
1.703999999999999959e-02 -1.645999999999999894e-02 5.000000000000000000e+05 -3.500000000000000000e+00 -5.018000000000000238e-01 9.159999999999999740e-03
2.653000000000000150e-02 -2.038999999999999840e-02 5.000000000000000000e+05 -3.500000000000000000e+00 -5.018000000000000238e-01 9.159999999999999740e-03
3.805999999999999661e-02 -2.394999999999999907e-02 5.000000000000000000e+05 -3.500000000000000000e+00 -5.018000000000000238e-01 9.159999999999999740e-03
5.156000000000000166e-02 -2.719999999999999848e-02 5.000000000000000000e+05 -3.500000000000000000e+00 -5.018000000000000238e-01 9.159999999999999740e-03
6.698999999999999400e-02 -3.022999999999999993e-02 5.000000000000000000e+05 -3.500000000000000000e+00 -5.018000000000000238e-01 9.159999999999999740e-03
8.426999999999999769e-02 -3.305000000000000299e-02 5.000000000000000000e+05 -3.500000000000000000e+00 -5.018000000000000238e-01 9.159999999999999740e-03
1.033199999999999952e-01 -3.563999999999999807e-02 5.000000000000000000e+05 -3.500000000000000000e+00 -5.018000000000000238e-01 9.159999999999999740e-03
1.240799999999999959e-01 -3.794999999999999762e-02 5.000000000000000000e+05 -3.500000000000000000e+00 -5.018000000000000238e-01 9.159999999999999740e-03
1.464499999999999968e-01 -3.994000000000000328e-02 5.000000000000000000e+05 -3.500000000000000000e+00 -5.018000000000000238e-01 9.159999999999999740e-03
1.703300000000000092e-01 -4.161000000000000115e-02 5.000000000000000000e+05 -3.500000000000000000e+00 -5.018000000000000238e-01 9.159999999999999740e-03
1.956199999999999883e-01 -4.295000000000000207e-02 5.000000000000000000e+05 -3.500000000000000000e+00 -5.018000000000000238e-01 9.159999999999999740e-03
2.222099999999999909e-01 -4.397000000000000214e-02 5.000000000000000000e+05 -3.500000000000000000e+00 -5.018000000000000238e-01 9.159999999999999740e-03
2.500000000000000000e-01 -4.465999999999999831e-02 5.000000000000000000e+05 -3.500000000000000000e+00 -5.018000000000000238e-01 9.159999999999999740e-03
2.788599999999999968e-01 -4.503999999999999670e-02 5.000000000000000000e+05 -3.500000000000000000e+00 -5.018000000000000238e-01 9.159999999999999740e-03
3.086599999999999899e-01 -4.508999999999999814e-02 5.000000000000000000e+05 -3.500000000000000000e+00 -5.018000000000000238e-01 9.159999999999999740e-03
3.392800000000000260e-01 -4.483999999999999792e-02 5.000000000000000000e+05 -3.500000000000000000e+00 -5.018000000000000238e-01 9.159999999999999740e-03
3.705899999999999750e-01 -4.431000000000000216e-02 5.000000000000000000e+05 -3.500000000000000000e+00 -5.018000000000000238e-01 9.159999999999999740e-03
4.347400000000000153e-01 -4.247999999999999693e-02 5.000000000000000000e+05 -3.500000000000000000e+00 -5.018000000000000238e-01 9.159999999999999740e-03
5.000000000000000000e-01 -3.978000000000000286e-02 5.000000000000000000e+05 -3.500000000000000000e+00 -5.018000000000000238e-01 9.159999999999999740e-03
5.652599999999999847e-01 -3.638000000000000261e-02 5.000000000000000000e+05 -3.500000000000000000e+00 -5.018000000000000238e-01 9.159999999999999740e-03
6.294100000000000250e-01 -3.246999999999999886e-02 5.000000000000000000e+05 -3.500000000000000000e+00 -5.018000000000000238e-01 9.159999999999999740e-03
6.913399999999999546e-01 -2.823000000000000162e-02 5.000000000000000000e+05 -3.500000000000000000e+00 -5.018000000000000238e-01 9.159999999999999740e-03
7.500000000000000000e-01 -2.384000000000000008e-02 5.000000000000000000e+05 -3.500000000000000000e+00 -5.018000000000000238e-01 9.159999999999999740e-03
8.043799999999999839e-01 -1.944999999999999854e-02 5.000000000000000000e+05 -3.500000000000000000e+00 -5.018000000000000238e-01 9.159999999999999740e-03
8.535500000000000309e-01 -1.521999999999999915e-02 5.000000000000000000e+05 -3.500000000000000000e+00 -5.018000000000000238e-01 9.159999999999999740e-03
8.966800000000000326e-01 -1.127000000000000050e-02 5.000000000000000000e+05 -3.500000000000000000e+00 -5.018000000000000238e-01 9.159999999999999740e-03
9.330100000000000060e-01 -7.700000000000000247e-03 5.000000000000000000e+05 -3.500000000000000000e+00 -5.018000000000000238e-01 9.159999999999999740e-03
9.619400000000000173e-01 -4.629999999999999567e-03 5.000000000000000000e+05 -3.500000000000000000e+00 -5.018000000000000238e-01 9.159999999999999740e-03
9.829599999999999449e-01 -2.180000000000000080e-03 5.000000000000000000e+05 -3.500000000000000000e+00 -5.018000000000000238e-01 9.159999999999999740e-03
9.957200000000000495e-01 -5.699999999999999772e-04 5.000000000000000000e+05 -3.500000000000000000e+00 -5.018000000000000238e-01 9.159999999999999740e-03
1.000000000000000000e+00 0.000000000000000000e+00 5.000000000000000000e+05 -3.500000000000000000e+00 -5.018000000000000238e-01 9.159999999999999740e-03
